# arm64 store-stride trigger sweep
# timer: clock_gettime(CLOCK_MONOTONIC) ns
# stride_lines train_step avg_ns
1	0	306
1	1	193
1	2	204
1	3	209
1	4	199
1	5	208
1	6	96
1	7	88
1	8	87
1	9	82
1	10	82
1	11	82
1	12	82
1	13	82
1	14	81
1	15	83
1	16	82
1	17	82
1	18	87
1	19	83
1	20	82
1	21	84
1	22	81
1	23	82
1	24	82
1	25	82
1	26	83
1	27	84
1	28	84
1	29	82
1	30	83
1	31	86
1	32	85
1	33	83
1	34	83
1	35	83
1	36	82
1	37	82
1	38	82
1	39	81
2	0	312
2	1	212
2	2	181
2	3	206
2	4	189
2	5	189
2	6	86
2	7	81
2	8	82
2	9	81
2	10	81
2	11	103
2	12	82
2	13	81
2	14	83
2	15	82
2	16	83
2	17	82
2	18	81
2	19	81
2	20	83
2	21	82
2	22	81
2	23	83
2	24	82
2	25	82
2	26	83
2	27	82
2	28	83
2	29	81
2	30	83
2	31	84
2	32	87
2	33	84
2	34	83
2	35	82
2	36	82
2	37	83
2	38	82
2	39	83
3	0	230
3	1	193
3	2	208
3	3	217
3	4	193
3	5	185
3	6	108
3	7	85
3	8	93
3	9	85
3	10	82
3	11	85
3	12	82
3	13	83
3	14	83
3	15	83
3	16	84
3	17	84
3	18	84
3	19	84
3	20	83
3	21	82
3	22	85
3	23	82
3	24	84
3	25	83
3	26	81
3	27	82
3	28	84
3	29	80
3	30	81
3	31	83
3	32	82
3	33	81
3	34	82
3	35	82
3	36	84
3	37	82
3	38	82
3	39	81
4	0	386
4	1	216
4	2	206
4	3	215
4	4	215
4	5	203
4	6	83
4	7	85
4	8	84
4	9	83
4	10	83
4	11	81
4	12	81
4	13	82
4	14	83
4	15	83
4	16	84
4	17	83
4	18	83
4	19	82
4	20	83
4	21	82
4	22	83
4	23	84
4	24	82
4	25	84
4	26	85
4	27	85
4	28	82
4	29	104
4	30	84
4	31	82
4	32	84
4	33	82
4	34	81
4	35	81
4	36	83
4	37	82
4	38	81
4	39	82
5	0	323
5	1	207
5	2	208
5	3	207
5	4	237
5	5	105
5	6	83
5	7	83
5	8	83
5	9	83
5	10	82
5	11	82
5	12	83
5	13	82
5	14	81
5	15	81
5	16	82
5	17	82
5	18	82
5	19	83
5	20	83
5	21	83
5	22	82
5	23	101
5	24	82
5	25	82
5	26	84
5	27	81
5	28	83
5	29	82
5	30	82
5	31	83
5	32	82
5	33	82
5	34	81
5	35	81
5	36	83
5	37	82
5	38	82
5	39	84
6	0	191
6	1	222
6	2	169
6	3	224
6	4	181
6	5	168
6	6	88
6	7	82
6	8	82
6	9	82
6	10	82
6	11	84
6	12	82
6	13	82
6	14	83
6	15	83
6	16	83
6	17	82
6	18	81
6	19	83
6	20	81
6	21	83
6	22	85
6	23	82
6	24	83
6	25	82
6	26	89
6	27	81
6	28	83
6	29	83
6	30	82
6	31	81
6	32	85
6	33	83
6	34	83
6	35	81
6	36	83
6	37	81
6	38	81
6	39	83
7	0	300
7	1	231
7	2	241
7	3	256
7	4	241
7	5	184
7	6	97
7	7	86
7	8	90
7	9	82
7	10	85
7	11	82
7	12	83
7	13	84
7	14	84
7	15	83
7	16	86
7	17	82
7	18	84
7	19	84
7	20	83
7	21	83
7	22	82
7	23	81
7	24	81
7	25	83
7	26	82
7	27	83
7	28	84
7	29	82
7	30	82
7	31	83
7	32	84
7	33	82
7	34	84
7	35	89
7	36	83
7	37	85
7	38	82
7	39	81
8	0	320
8	1	227
8	2	229
8	3	254
8	4	251
8	5	235
8	6	97
8	7	82
8	8	84
8	9	81
8	10	82
8	11	82
8	12	82
8	13	83
8	14	81
8	15	83
8	16	86
8	17	84
8	18	82
8	19	82
8	20	87
8	21	82
8	22	82
8	23	81
8	24	84
8	25	83
8	26	84
8	27	83
8	28	82
8	29	82
8	30	82
8	31	82
8	32	87
8	33	82
8	34	83
8	35	83
8	36	82
8	37	82
8	38	81
8	39	83
9	0	241
9	1	252
9	2	252
9	3	241
9	4	214
9	5	245
9	6	83
9	7	82
9	8	84
9	9	83
9	10	83
9	11	82
9	12	82
9	13	83
9	14	83
9	15	85
9	16	84
9	17	84
9	18	84
9	19	86
9	20	83
9	21	84
9	22	83
9	23	82
9	24	82
9	25	81
9	26	80
9	27	83
9	28	84
9	29	85
9	30	84
9	31	85
9	32	84
9	33	83
9	34	81
9	35	92
9	36	84
9	37	84
9	38	81
9	39	88
10	0	331
10	1	256
10	2	259
10	3	251
10	4	208
10	5	234
10	6	102
10	7	85
10	8	82
10	9	84
10	10	82
10	11	82
10	12	82
10	13	85
10	14	82
10	15	82
10	16	82
10	17	81
10	18	83
10	19	83
10	20	84
10	21	81
10	22	82
10	23	83
10	24	82
10	25	83
10	26	83
10	27	83
10	28	85
10	29	83
10	30	83
10	31	83
10	32	85
10	33	83
10	34	82
10	35	82
10	36	84
10	37	83
10	38	83
10	39	85
11	0	389
11	1	254
11	2	227
11	3	227
11	4	233
11	5	241
11	6	124
11	7	86
11	8	93
11	9	88
11	10	83
11	11	82
11	12	85
11	13	81
11	14	82
11	15	85
11	16	84
11	17	84
11	18	84
11	19	84
11	20	81
11	21	82
11	22	82
11	23	82
11	24	84
11	25	82
11	26	99
11	27	82
11	28	82
11	29	85
11	30	83
11	31	83
11	32	82
11	33	82
11	34	83
11	35	84
11	36	89
11	37	83
11	38	82
11	39	82
12	0	330
12	1	227
12	2	236
12	3	181
12	4	261
12	5	201
12	6	94
12	7	84
12	8	83
12	9	83
12	10	82
12	11	84
12	12	82
12	13	82
12	14	82
12	15	82
12	16	89
12	17	81
12	18	82
12	19	91
12	20	84
12	21	82
12	22	85
12	23	81
12	24	81
12	25	81
12	26	82
12	27	84
12	28	83
12	29	82
12	30	82
12	31	81
12	32	85
12	33	83
12	34	82
12	35	83
12	36	92
12	37	90
12	38	84
12	39	83
13	0	248
13	1	255
13	2	243
13	3	228
13	4	281
13	5	245
13	6	99
13	7	84
13	8	94
13	9	81
13	10	88
13	11	83
13	12	83
13	13	84
13	14	83
13	15	84
13	16	82
13	17	81
13	18	82
13	19	81
13	20	84
13	21	82
13	22	83
13	23	82
13	24	83
13	25	84
13	26	81
13	27	83
13	28	83
13	29	82
13	30	84
13	31	83
13	32	82
13	33	82
13	34	84
13	35	84
13	36	83
13	37	92
13	38	82
13	39	82
14	0	329
14	1	248
14	2	272
14	3	234
14	4	228
14	5	239
14	6	90
14	7	82
14	8	97
14	9	95
14	10	84
14	11	82
14	12	91
14	13	83
14	14	84
14	15	83
14	16	82
14	17	92
14	18	81
14	19	88
14	20	83
14	21	81
14	22	94
14	23	83
14	24	82
14	25	82
14	26	82
14	27	84
14	28	84
14	29	82
14	30	82
14	31	83
14	32	85
14	33	84
14	34	84
14	35	84
14	36	82
14	37	85
14	38	82
14	39	82
15	0	328
15	1	246
15	2	85
15	3	84
15	4	85
15	5	86
15	6	82
15	7	83
15	8	82
15	9	88
15	10	82
15	11	82
15	12	83
15	13	85
15	14	83
15	15	81
15	16	82
15	17	83
15	18	86
15	19	89
15	20	82
15	21	81
15	22	84
15	23	82
15	24	84
15	25	96
15	26	88
15	27	85
15	28	83
15	29	85
15	30	86
15	31	83
15	32	84
15	33	83
15	34	85
15	35	87
15	36	84
15	37	83
15	38	83
15	39	85
16	0	203
16	1	219
16	2	218
16	3	225
16	4	214
16	5	227
16	6	95
16	7	83
16	8	84
16	9	83
16	10	81
16	11	81
16	12	84
16	13	82
16	14	81
16	15	81
16	16	87
16	17	83
16	18	82
16	19	93
16	20	83
16	21	81
16	22	81
16	23	82
16	24	83
16	25	82
16	26	82
16	27	83
16	28	83
16	29	82
16	30	82
16	31	82
16	32	92
16	33	82
16	34	82
16	35	83
16	36	84
16	37	80
16	38	81
16	39	83
17	0	245
17	1	266
17	2	251
17	3	260
17	4	243
17	5	261
17	6	118
17	7	106
17	8	100
17	9	95
17	10	90
17	11	82
17	12	85
17	13	82
17	14	86
17	15	88
17	16	108
17	17	104
17	18	90
17	19	111
17	20	94
17	21	87
17	22	92
17	23	93
17	24	84
17	25	82
17	26	84
17	27	83
17	28	83
17	29	83
17	30	82
17	31	107
17	32	82
17	33	84
17	34	83
17	35	83
17	36	91
17	37	85
17	38	86
17	39	85
18	0	321
18	1	241
18	2	247
18	3	244
18	4	266
18	5	184
18	6	96
18	7	85
18	8	84
18	9	82
18	10	82
18	11	84
18	12	83
18	13	83
18	14	82
18	15	84
18	16	82
18	17	81
18	18	86
18	19	83
18	20	82
18	21	81
18	22	85
18	23	83
18	24	82
18	25	84
18	26	81
18	27	82
18	28	87
18	29	86
18	30	94
18	31	84
18	32	84
18	33	82
18	34	83
18	35	84
18	36	86
18	37	82
18	38	83
18	39	81
19	0	331
19	1	242
19	2	248
19	3	243
19	4	242
19	5	251
19	6	105
19	7	110
19	8	109
19	9	97
19	10	89
19	11	85
19	12	83
19	13	83
19	14	92
19	15	85
19	16	99
19	17	98
19	18	104
19	19	101
19	20	87
19	21	88
19	22	97
19	23	93
19	24	85
19	25	83
19	26	81
19	27	84
19	28	89
19	29	82
19	30	82
19	31	85
19	32	82
19	33	82
19	34	84
19	35	82
19	36	83
19	37	81
19	38	83
19	39	83
20	0	312
20	1	248
20	2	251
20	3	245
20	4	249
20	5	243
20	6	96
20	7	85
20	8	83
20	9	82
20	10	84
20	11	83
20	12	83
20	13	84
20	14	83
20	15	82
20	16	85
20	17	84
20	18	83
20	19	82
20	20	82
20	21	84
20	22	82
20	23	83
20	24	82
20	25	81
20	26	85
20	27	82
20	28	83
20	29	83
20	30	83
20	31	82
20	32	84
20	33	83
20	34	82
20	35	82
20	36	84
20	37	82
20	38	82
20	39	83
21	0	318
21	1	227
21	2	235
21	3	259
21	4	261
21	5	182
21	6	102
21	7	84
21	8	82
21	9	83
21	10	83
21	11	83
21	12	82
21	13	84
21	14	82
21	15	85
21	16	88
21	17	87
21	18	104
21	19	107
21	20	95
21	21	95
21	22	98
21	23	94
21	24	85
21	25	87
21	26	81
21	27	82
21	28	84
21	29	83
21	30	82
21	31	85
21	32	81
21	33	82
21	34	82
21	35	82
21	36	82
21	37	84
21	38	81
21	39	81
22	0	341
22	1	245
22	2	251
22	3	252
22	4	261
22	5	238
22	6	93
22	7	85
22	8	82
22	9	84
22	10	81
22	11	83
22	12	84
22	13	82
22	14	82
22	15	84
22	16	82
22	17	82
22	18	83
22	19	82
22	20	82
22	21	84
22	22	82
22	23	83
22	24	84
22	25	83
22	26	82
22	27	85
22	28	81
22	29	82
22	30	83
22	31	83
22	32	85
22	33	84
22	34	83
22	35	88
22	36	84
22	37	81
22	38	85
22	39	82
23	0	340
23	1	252
23	2	260
23	3	192
23	4	84
23	5	84
23	6	83
23	7	83
23	8	84
23	9	85
23	10	81
23	11	82
23	12	83
23	13	82
23	14	90
23	15	92
23	16	103
23	17	114
23	18	99
23	19	96
23	20	96
23	21	84
23	22	83
23	23	84
23	24	83
23	25	83
23	26	94
23	27	85
23	28	88
23	29	81
23	30	81
23	31	85
23	32	85
23	33	86
23	34	86
23	35	93
23	36	89
23	37	84
23	38	85
23	39	84
24	0	367
24	1	264
24	2	249
24	3	244
24	4	247
24	5	197
24	6	90
24	7	82
24	8	84
24	9	84
24	10	82
24	11	84
24	12	83
24	13	82
24	14	84
24	15	82
24	16	83
24	17	80
24	18	81
24	19	85
24	20	82
24	21	82
24	22	83
24	23	82
24	24	84
24	25	82
24	26	82
24	27	84
24	28	83
24	29	82
24	30	83
24	31	82
24	32	83
24	33	82
24	34	90
24	35	85
24	36	82
24	37	82
24	38	85
24	39	84
25	0	318
25	1	261
25	2	260
25	3	261
25	4	247
25	5	246
25	6	115
25	7	104
25	8	104
25	9	101
25	10	102
25	11	86
25	12	82
25	13	83
25	14	95
25	15	93
25	16	114
25	17	111
25	18	107
25	19	83
25	20	98
25	21	87
25	22	86
25	23	90
25	24	86
25	25	83
25	26	84
25	27	82
25	28	83
25	29	83
25	30	83
25	31	83
25	32	81
25	33	82
25	34	84
25	35	84
25	36	86
25	37	83
25	38	86
25	39	87
26	0	378
26	1	268
26	2	234
26	3	244
26	4	247
26	5	251
26	6	93
26	7	84
26	8	83
26	9	82
26	10	85
26	11	82
26	12	80
26	13	84
26	14	87
26	15	84
26	16	82
26	17	89
26	18	85
26	19	82
26	20	84
26	21	82
26	22	83
26	23	84
26	24	84
26	25	87
26	26	86
26	27	85
26	28	84
26	29	82
26	30	85
26	31	85
26	32	87
26	33	84
26	34	82
26	35	84
26	36	81
26	37	83
26	38	82
26	39	81
27	0	377
27	1	266
27	2	259
27	3	248
27	4	246
27	5	260
27	6	93
27	7	103
27	8	86
27	9	86
27	10	87
27	11	82
27	12	85
27	13	82
27	14	80
27	15	113
27	16	116
27	17	128
27	18	126
27	19	93
27	20	88
27	21	82
27	22	84
27	23	88
27	24	94
27	25	85
27	26	83
27	27	87
27	28	84
27	29	87
27	30	85
27	31	88
27	32	86
27	33	85
27	34	95
27	35	82
27	36	83
27	37	84
27	38	84
27	39	82
28	0	232
28	1	256
28	2	252
28	3	246
28	4	257
28	5	259
28	6	88
28	7	100
28	8	84
28	9	86
28	10	84
28	11	82
28	12	83
28	13	82
28	14	85
28	15	83
28	16	87
28	17	82
28	18	82
28	19	83
28	20	82
28	21	84
28	22	82
28	23	84
28	24	83
28	25	81
28	26	83
28	27	81
28	28	83
28	29	94
28	30	85
28	31	81
28	32	85
28	33	83
28	34	82
28	35	84
28	36	82
28	37	83
28	38	83
28	39	84
29	0	340
29	1	184
29	2	94
29	3	86
29	4	84
29	5	86
29	6	82
29	7	85
29	8	83
29	9	85
29	10	81
29	11	82
29	12	84
29	13	86
29	14	103
29	15	93
29	16	119
29	17	109
29	18	124
29	19	105
29	20	115
29	21	85
29	22	100
29	23	92
29	24	87
29	25	84
29	26	87
29	27	87
29	28	84
29	29	87
29	30	86
29	31	90
29	32	90
29	33	89
29	34	98
29	35	83
29	36	86
29	37	84
29	38	84
29	39	83
30	0	322
30	1	244
30	2	238
30	3	261
30	4	245
30	5	272
30	6	92
30	7	85
30	8	81
30	9	83
30	10	83
30	11	85
30	12	83
30	13	85
30	14	82
30	15	84
30	16	83
30	17	91
30	18	90
30	19	85
30	20	85
30	21	83
30	22	84
30	23	82
30	24	89
30	25	83
30	26	84
30	27	82
30	28	83
30	29	82
30	30	84
30	31	82
30	32	83
30	33	80
30	34	81
30	35	84
30	36	82
30	37	84
30	38	83
30	39	84
31	0	343
31	1	259
31	2	265
31	3	255
31	4	228
31	5	261
31	6	92
31	7	99
31	8	85
31	9	88
31	10	83
31	11	83
31	12	81
31	13	84
31	14	94
31	15	86
31	16	104
31	17	114
31	18	98
31	19	112
31	20	124
31	21	93
31	22	89
31	23	102
31	24	98
31	25	84
31	26	85
31	27	85
31	28	82
31	29	84
31	30	82
31	31	83
31	32	81
31	33	83
31	34	84
31	35	87
31	36	85
31	37	82
31	38	83
31	39	84
32	0	265
32	1	239
32	2	245
32	3	253
32	4	250
32	5	242
32	6	101
32	7	89
32	8	86
32	9	82
32	10	84
32	11	83
32	12	85
32	13	82
32	14	84
32	15	83
32	16	83
32	17	83
32	18	85
32	19	82
32	20	84
32	21	83
32	22	84
32	23	82
32	24	84
32	25	81
32	26	84
32	27	83
32	28	84
32	29	81
32	30	84
32	31	83
32	32	87
32	33	85
32	34	84
32	35	84
32	36	85
32	37	83
32	38	83
32	39	82
33	0	212
33	1	215
33	2	218
33	3	221
33	4	216
33	5	217
33	6	222
33	7	216
33	8	221
33	9	224
33	10	171
33	11	211
33	12	214
33	13	221
33	14	228
33	15	229
33	16	217
33	17	218
33	18	222
33	19	218
33	20	222
33	21	219
33	22	217
33	23	216
33	24	216
33	25	209
33	26	213
33	27	215
33	28	111
33	29	85
33	30	85
33	31	84
33	32	130
33	33	215
33	34	212
33	35	213
33	36	215
33	37	212
33	38	211
33	39	136
34	0	198
34	1	215
34	2	219
34	3	220
34	4	221
34	5	222
34	6	214
34	7	216
34	8	226
34	9	222
34	10	247
34	11	253
34	12	228
34	13	243
34	14	261
34	15	236
34	16	84
34	17	85
34	18	88
34	19	86
34	20	85
34	21	87
34	22	83
34	23	86
34	24	190
34	25	250
34	26	257
34	27	241
34	28	256
34	29	235
34	30	85
34	31	85
34	32	87
34	33	84
34	34	86
34	35	84
34	36	100
34	37	85
34	38	86
34	39	84
35	0	383
35	1	268
35	2	252
35	3	259
35	4	265
35	5	243
35	6	239
35	7	228
35	8	251
35	9	265
35	10	257
35	11	242
35	12	236
35	13	249
35	14	243
35	15	259
35	16	259
35	17	241
35	18	190
35	19	268
35	20	256
35	21	253
35	22	233
35	23	254
35	24	246
35	25	233
35	26	239
35	27	263
35	28	261
35	29	244
35	30	228
35	31	256
35	32	185
35	33	186
35	34	213
35	35	259
35	36	247
35	37	256
35	38	273
35	39	255
36	0	355
36	1	248
36	2	262
36	3	244
36	4	270
36	5	259
36	6	235
36	7	248
36	8	244
36	9	254
36	10	262
36	11	214
36	12	257
36	13	251
36	14	260
36	15	265
36	16	217
36	17	195
36	18	261
36	19	255
36	20	224
36	21	253
36	22	214
36	23	239
36	24	243
36	25	256
36	26	236
36	27	248
36	28	244
36	29	235
36	30	195
36	31	188
36	32	196
36	33	217
36	34	196
36	35	192
36	36	260
36	37	232
36	38	234
36	39	226
37	0	331
37	1	256
37	2	252
37	3	245
37	4	262
37	5	263
37	6	259
37	7	250
37	8	228
37	9	239
37	10	243
37	11	250
37	12	249
37	13	241
37	14	258
37	15	266
37	16	270
37	17	262
37	18	256
37	19	264
37	20	286
37	21	231
37	22	250
37	23	256
37	24	257
37	25	236
37	26	236
37	27	219
37	28	235
37	29	211
37	30	261
37	31	241
37	32	258
37	33	208
37	34	212
37	35	204
37	36	174
37	37	254
37	38	261
37	39	265
38	0	369
38	1	254
38	2	262
38	3	265
38	4	248
38	5	287
38	6	250
38	7	246
38	8	258
38	9	267
38	10	261
38	11	261
38	12	242
38	13	234
38	14	261
38	15	275
38	16	291
38	17	228
38	18	199
38	19	252
38	20	245
38	21	266
38	22	247
38	23	266
38	24	265
38	25	269
38	26	264
38	27	248
38	28	244
38	29	262
38	30	191
38	31	85
38	32	96
38	33	85
38	34	88
38	35	84
38	36	84
38	37	84
38	38	91
38	39	87
39	0	391
39	1	240
39	2	255
39	3	261
39	4	252
39	5	262
39	6	245
39	7	263
39	8	252
39	9	257
39	10	242
39	11	250
39	12	217
39	13	248
39	14	259
39	15	279
39	16	244
39	17	263
39	18	246
39	19	268
39	20	260
39	21	255
39	22	252
39	23	240
39	24	240
39	25	242
39	26	254
39	27	243
39	28	263
39	29	243
39	30	254
39	31	261
39	32	202
39	33	86
39	34	84
39	35	86
39	36	83
39	37	86
39	38	86
39	39	84
40	0	364
40	1	258
40	2	276
40	3	246
40	4	263
40	5	93
40	6	84
40	7	88
40	8	86
40	9	85
40	10	85
40	11	84
40	12	85
40	13	85
40	14	85
40	15	86
40	16	88
40	17	82
40	18	86
40	19	83
40	20	90
40	21	85
40	22	85
40	23	87
40	24	86
40	25	84
40	26	85
40	27	84
40	28	87
40	29	87
40	30	85
40	31	85
40	32	86
40	33	84
40	34	85
40	35	84
40	36	85
40	37	87
40	38	85
40	39	89
41	0	363
41	1	240
41	2	257
41	3	264
41	4	275
41	5	250
41	6	238
41	7	248
41	8	253
41	9	254
41	10	259
41	11	267
41	12	249
41	13	251
41	14	222
41	15	255
41	16	246
41	17	210
41	18	241
41	19	261
41	20	248
41	21	256
41	22	249
41	23	257
41	24	253
41	25	249
41	26	255
41	27	243
41	28	258
41	29	264
41	30	263
41	31	260
41	32	252
41	33	265
41	34	234
41	35	86
41	36	84
41	37	85
41	38	104
41	39	235
42	0	185
42	1	218
42	2	232
42	3	232
42	4	228
42	5	220
42	6	216
42	7	214
42	8	210
42	9	210
42	10	213
42	11	217
42	12	212
42	13	174
42	14	213
42	15	165
42	16	209
42	17	86
42	18	84
42	19	87
42	20	84
42	21	84
42	22	160
42	23	216
42	24	205
42	25	207
42	26	192
42	27	208
42	28	231
42	29	208
42	30	232
42	31	100
42	32	85
42	33	84
42	34	86
42	35	84
42	36	87
42	37	87
42	38	85
42	39	114
43	0	222
43	1	223
43	2	228
43	3	229
43	4	223
43	5	223
43	6	220
43	7	218
43	8	227
43	9	220
43	10	212
43	11	218
43	12	222
43	13	232
43	14	222
43	15	237
43	16	255
43	17	261
43	18	231
43	19	237
43	20	255
43	21	263
43	22	259
43	23	252
43	24	259
43	25	252
43	26	246
43	27	260
43	28	264
43	29	240
43	30	256
43	31	256
43	32	269
43	33	252
43	34	249
43	35	256
43	36	256
43	37	255
43	38	262
43	39	268
44	0	353
44	1	258
44	2	252
44	3	252
44	4	264
44	5	254
44	6	257
44	7	248
44	8	244
44	9	264
44	10	260
44	11	260
44	12	263
44	13	252
44	14	263
44	15	256
44	16	259
44	17	264
44	18	289
44	19	251
44	20	254
44	21	217
44	22	250
44	23	277
44	24	259
44	25	255
44	26	245
44	27	260
44	28	259
44	29	246
44	30	87
44	31	84
44	32	106
44	33	83
44	34	88
44	35	86
44	36	86
44	37	86
44	38	85
44	39	85
45	0	362
45	1	267
45	2	259
45	3	245
45	4	234
45	5	251
45	6	253
45	7	252
45	8	235
45	9	244
45	10	248
45	11	247
45	12	255
45	13	239
45	14	180
45	15	249
45	16	220
45	17	254
45	18	246
45	19	255
45	20	260
45	21	266
45	22	245
45	23	231
45	24	256
45	25	243
45	26	249
45	27	244
45	28	255
45	29	261
45	30	264
45	31	249
45	32	246
45	33	255
45	34	242
45	35	251
45	36	245
45	37	285
45	38	245
45	39	228
46	0	176
46	1	216
46	2	260
46	3	258
46	4	264
46	5	245
46	6	235
46	7	265
46	8	252
46	9	260
46	10	254
46	11	245
46	12	262
46	13	251
46	14	243
46	15	235
46	16	235
46	17	247
46	18	239
46	19	249
46	20	254
46	21	261
46	22	188
46	23	247
46	24	249
46	25	260
46	26	237
46	27	261
46	28	263
46	29	239
46	30	87
46	31	86
46	32	87
46	33	85
46	34	86
46	35	87
46	36	84
46	37	87
46	38	87
46	39	86
47	0	327
47	1	247
47	2	263
47	3	264
47	4	281
47	5	237
47	6	245
47	7	258
47	8	217
47	9	226
47	10	233
47	11	263
47	12	249
47	13	262
47	14	264
47	15	263
47	16	282
47	17	262
47	18	258
47	19	256
47	20	241
47	21	241
47	22	258
47	23	256
47	24	232
47	25	262
47	26	261
47	27	254
47	28	249
47	29	262
47	30	241
47	31	253
47	32	260
47	33	249
47	34	254
47	35	256
47	36	261
47	37	241
47	38	91
47	39	88
48	0	328
48	1	262
48	2	264
48	3	304
48	4	253
48	5	259
48	6	261
48	7	206
48	8	256
48	9	159
48	10	85
48	11	86
48	12	85
48	13	85
48	14	87
48	15	86
48	16	84
48	17	84
48	18	88
48	19	85
48	20	87
48	21	84
48	22	86
48	23	86
48	24	86
48	25	85
48	26	87
48	27	108
48	28	88
48	29	83
48	30	86
48	31	86
48	32	86
48	33	83
48	34	87
48	35	86
48	36	85
48	37	84
48	38	87
48	39	87
49	0	215
49	1	213
49	2	212
49	3	220
49	4	215
49	5	208
49	6	86
49	7	86
49	8	86
49	9	83
49	10	85
49	11	85
49	12	85
49	13	86
49	14	88
49	15	86
49	16	88
49	17	106
49	18	221
49	19	228
49	20	220
49	21	242
49	22	244
49	23	230
49	24	246
49	25	239
49	26	236
49	27	231
49	28	210
49	29	242
49	30	222
49	31	228
49	32	241
49	33	237
49	34	264
49	35	254
49	36	254
49	37	251
49	38	242
49	39	247
50	0	288
50	1	214
50	2	238
50	3	255
50	4	250
50	5	257
50	6	251
50	7	252
50	8	263
50	9	264
50	10	236
50	11	248
50	12	265
50	13	256
50	14	262
50	15	261
50	16	253
50	17	253
50	18	251
50	19	257
50	20	261
50	21	160
50	22	85
50	23	85
50	24	87
50	25	87
50	26	86
50	27	87
50	28	84
50	29	86
50	30	86
50	31	88
50	32	86
50	33	160
50	34	246
50	35	230
50	36	245
50	37	205
50	38	86
50	39	87
51	0	308
51	1	259
51	2	243
51	3	272
51	4	256
51	5	239
51	6	241
51	7	263
51	8	255
51	9	119
51	10	84
51	11	86
51	12	86
51	13	86
51	14	87
51	15	84
51	16	87
51	17	86
51	18	85
51	19	87
51	20	85
51	21	86
51	22	93
51	23	86
51	24	87
51	25	108
51	26	260
51	27	256
51	28	246
51	29	242
51	30	262
51	31	106
51	32	86
51	33	85
51	34	85
51	35	164
51	36	229
51	37	249
51	38	247
51	39	265
52	0	372
52	1	256
52	2	248
52	3	252
52	4	272
52	5	244
52	6	240
52	7	257
52	8	257
52	9	262
52	10	263
52	11	252
52	12	216
52	13	254
52	14	251
52	15	254
52	16	253
52	17	253
52	18	225
52	19	241
52	20	242
52	21	261
52	22	252
52	23	256
52	24	198
52	25	193
52	26	248
52	27	240
52	28	245
52	29	241
52	30	273
52	31	239
52	32	96
52	33	85
52	34	87
52	35	84
52	36	86
52	37	92
52	38	100
52	39	85
53	0	364
53	1	232
53	2	259
53	3	257
53	4	264
53	5	252
53	6	241
53	7	263
53	8	228
53	9	250
53	10	253
53	11	258
53	12	248
53	13	262
53	14	279
53	15	247
53	16	238
53	17	262
53	18	245
53	19	253
53	20	229
53	21	213
53	22	259
53	23	250
53	24	243
53	25	240
53	26	233
53	27	264
53	28	249
53	29	163
53	30	84
53	31	169
53	32	268
53	33	103
53	34	85
53	35	85
53	36	86
53	37	213
53	38	261
53	39	245
54	0	354
54	1	251
54	2	263
54	3	246
54	4	272
54	5	254
54	6	252
54	7	268
54	8	245
54	9	241
54	10	239
54	11	234
54	12	255
54	13	264
54	14	269
54	15	249
54	16	258
54	17	211
54	18	258
54	19	260
54	20	254
54	21	236
54	22	264
54	23	253
54	24	266
54	25	122
54	26	83
54	27	86
54	28	86
54	29	86
54	30	109
54	31	233
54	32	260
54	33	245
54	34	193
54	35	132
54	36	87
54	37	99
54	38	87
54	39	85
55	0	317
55	1	258
55	2	259
55	3	259
55	4	247
55	5	250
55	6	238
55	7	264
55	8	265
55	9	251
55	10	251
55	11	252
55	12	269
55	13	249
55	14	250
55	15	249
55	16	247
55	17	267
55	18	249
55	19	249
55	20	202
55	21	241
55	22	273
55	23	246
55	24	260
55	25	261
55	26	262
55	27	261
55	28	137
55	29	85
55	30	85
55	31	85
55	32	86
55	33	87
55	34	85
55	35	87
55	36	84
55	37	87
55	38	87
55	39	86
56	0	310
56	1	248
56	2	243
56	3	269
56	4	259
56	5	264
56	6	131
56	7	86
56	8	85
56	9	84
56	10	86
56	11	86
56	12	87
56	13	86
56	14	86
56	15	85
56	16	85
56	17	85
56	18	86
56	19	87
56	20	97
56	21	228
56	22	252
56	23	87
56	24	87
56	25	84
56	26	86
56	27	86
56	28	153
56	29	161
56	30	85
56	31	86
56	32	86
56	33	85
56	34	87
56	35	86
56	36	86
56	37	87
56	38	86
56	39	86
57	0	270
57	1	216
57	2	239
57	3	224
57	4	214
57	5	213
57	6	222
57	7	210
57	8	220
57	9	215
57	10	208
57	11	212
57	12	212
57	13	206
57	14	214
57	15	219
57	16	214
57	17	209
57	18	215
57	19	231
57	20	239
57	21	249
57	22	264
57	23	234
57	24	247
57	25	237
57	26	264
57	27	263
57	28	254
57	29	252
57	30	256
57	31	99
57	32	86
57	33	90
57	34	87
57	35	86
57	36	85
57	37	84
57	38	86
57	39	86
58	0	210
58	1	256
58	2	250
58	3	279
58	4	272
58	5	235
58	6	253
58	7	244
58	8	258
58	9	261
58	10	270
58	11	241
58	12	252
58	13	242
58	14	268
58	15	249
58	16	269
58	17	261
58	18	260
58	19	260
58	20	239
58	21	259
58	22	254
58	23	238
58	24	232
58	25	255
58	26	253
58	27	254
58	28	244
58	29	241
58	30	222
58	31	244
58	32	249
58	33	245
58	34	250
58	35	233
58	36	255
58	37	249
58	38	252
58	39	258
59	0	356
59	1	247
59	2	265
59	3	245
59	4	245
59	5	242
59	6	262
59	7	250
59	8	260
59	9	256
59	10	264
59	11	240
59	12	256
59	13	256
59	14	262
59	15	256
59	16	264
59	17	246
59	18	247
59	19	249
59	20	252
59	21	249
59	22	250
59	23	252
59	24	252
59	25	259
59	26	252
59	27	242
59	28	260
59	29	256
59	30	244
59	31	249
59	32	243
59	33	100
59	34	86
59	35	87
59	36	87
59	37	204
59	38	244
59	39	232
60	0	350
60	1	254
60	2	247
60	3	269
60	4	264
60	5	251
60	6	241
60	7	260
60	8	252
60	9	255
60	10	271
60	11	260
60	12	270
60	13	264
60	14	260
60	15	255
60	16	251
60	17	239
60	18	218
60	19	255
60	20	247
60	21	234
60	22	248
60	23	253
60	24	228
60	25	244
60	26	263
60	27	269
60	28	297
60	29	192
60	30	252
60	31	254
60	32	225
60	33	236
60	34	272
60	35	256
60	36	237
60	37	260
60	38	249
60	39	253
61	0	335
61	1	239
61	2	258
61	3	255
61	4	237
61	5	260
61	6	255
61	7	249
61	8	237
61	9	262
61	10	257
61	11	259
61	12	246
61	13	232
61	14	216
61	15	244
61	16	243
61	17	256
61	18	269
61	19	236
61	20	252
61	21	258
61	22	242
61	23	250
61	24	252
61	25	264
61	26	279
61	27	236
61	28	241
61	29	237
61	30	230
61	31	261
61	32	202
61	33	85
61	34	94
61	35	87
61	36	85
61	37	249
61	38	252
61	39	260
62	0	380
62	1	254
62	2	235
62	3	255
62	4	238
62	5	243
62	6	265
62	7	283
62	8	261
62	9	263
62	10	246
62	11	268
62	12	268
62	13	263
62	14	253
62	15	236
62	16	260
62	17	213
62	18	86
62	19	87
62	20	85
62	21	86
62	22	85
62	23	85
62	24	86
62	25	180
62	26	214
62	27	263
62	28	244
62	29	250
62	30	134
62	31	86
62	32	86
62	33	98
62	34	85
62	35	84
62	36	85
62	37	86
62	38	86
62	39	86
63	0	348
63	1	256
63	2	252
63	3	258
63	4	239
63	5	256
63	6	240
63	7	253
63	8	241
63	9	138
63	10	87
63	11	86
63	12	85
63	13	86
63	14	85
63	15	86
63	16	85
63	17	86
63	18	85
63	19	134
63	20	215
63	21	250
63	22	255
63	23	258
63	24	268
63	25	262
63	26	195
63	27	87
63	28	87
63	29	87
63	30	87
63	31	164
63	32	265
63	33	273
63	34	268
63	35	267
63	36	252
63	37	252
63	38	248
63	39	182
64	0	329
64	1	242
64	2	243
64	3	249
64	4	239
64	5	265
64	6	285
64	7	250
64	8	256
64	9	265
64	10	259
64	11	250
64	12	256
64	13	240
64	14	120
64	15	85
64	16	87
64	17	86
64	18	87
64	19	86
64	20	87
64	21	84
64	22	86
64	23	87
64	24	86
64	25	92
64	26	86
64	27	87
64	28	86
64	29	87
64	30	85
64	31	84
64	32	87
64	33	86
64	34	85
64	35	85
64	36	85
64	37	87
64	38	85
64	39	85
