# arm64 load-stride trigger sweep
# timer: clock_gettime(CLOCK_MONOTONIC) ns
# stride_lines train_step avg_ns
1	0	403
1	1	380
1	2	362
1	3	306
1	4	301
1	5	282
1	6	180
1	7	158
1	8	192
1	9	250
1	10	113
1	11	108
1	12	159
1	13	97
1	14	103
1	15	106
1	16	191
1	17	91
1	18	86
1	19	141
1	20	93
1	21	96
1	22	96
1	23	90
1	24	92
1	25	90
1	26	126
1	27	183
1	28	100
1	29	125
1	30	95
1	31	94
1	32	127
1	33	103
1	34	134
1	35	102
1	36	89
1	37	193
1	38	121
1	39	187
2	0	240
2	1	234
2	2	243
2	3	238
2	4	232
2	5	233
2	6	233
2	7	144
2	8	92
2	9	90
2	10	90
2	11	119
2	12	103
2	13	235
2	14	124
2	15	84
2	16	188
2	17	216
2	18	180
2	19	96
2	20	90
2	21	162
2	22	137
2	23	92
2	24	93
2	25	92
2	26	89
2	27	91
2	28	93
2	29	93
2	30	90
2	31	90
2	32	196
2	33	92
2	34	112
2	35	101
2	36	136
2	37	190
2	38	203
2	39	119
3	0	237
3	1	237
3	2	243
3	3	229
3	4	230
3	5	115
3	6	235
3	7	130
3	8	232
3	9	231
3	10	232
3	11	236
3	12	191
3	13	246
3	14	191
3	15	92
3	16	92
3	17	86
3	18	244
3	19	93
3	20	236
3	21	90
3	22	94
3	23	106
3	24	88
3	25	88
3	26	136
3	27	100
3	28	94
3	29	116
3	30	90
3	31	94
3	32	90
3	33	147
3	34	182
3	35	215
3	36	217
3	37	200
3	38	200
3	39	187
4	0	237
4	1	237
4	2	232
4	3	230
4	4	242
4	5	233
4	6	229
4	7	90
4	8	239
4	9	86
4	10	90
4	11	93
4	12	238
4	13	245
4	14	93
4	15	231
4	16	141
4	17	93
4	18	90
4	19	87
4	20	118
4	21	243
4	22	86
4	23	93
4	24	93
4	25	138
4	26	103
4	27	228
4	28	151
4	29	183
4	30	88
4	31	120
4	32	91
4	33	87
4	34	93
4	35	94
4	36	94
4	37	91
4	38	86
4	39	92
5	0	236
5	1	243
5	2	233
5	3	234
5	4	241
5	5	100
5	6	90
5	7	96
5	8	233
5	9	192
5	10	92
5	11	86
5	12	88
5	13	141
5	14	93
5	15	88
5	16	241
5	17	171
5	18	89
5	19	91
5	20	92
5	21	237
5	22	93
5	23	96
5	24	201
5	25	106
5	26	170
5	27	230
5	28	231
5	29	85
5	30	137
5	31	93
5	32	91
5	33	176
5	34	235
5	35	154
5	36	199
5	37	210
5	38	223
5	39	214
6	0	235
6	1	239
6	2	233
6	3	88
6	4	229
6	5	228
6	6	204
6	7	85
6	8	240
6	9	250
6	10	230
6	11	86
6	12	230
6	13	90
6	14	253
6	15	227
6	16	159
6	17	86
6	18	144
6	19	88
6	20	91
6	21	95
6	22	230
6	23	91
6	24	217
6	25	231
6	26	91
6	27	92
6	28	119
6	29	90
6	30	229
6	31	93
6	32	95
6	33	98
6	34	124
6	35	186
6	36	91
6	37	108
6	38	93
6	39	93
7	0	225
7	1	227
7	2	220
7	3	232
7	4	219
7	5	225
7	6	218
7	7	224
7	8	219
7	9	220
7	10	241
7	11	232
7	12	243
7	13	149
7	14	233
7	15	230
7	16	237
7	17	96
7	18	230
7	19	182
7	20	223
7	21	126
7	22	145
7	23	90
7	24	230
7	25	230
7	26	143
7	27	231
7	28	167
7	29	90
7	30	239
7	31	147
7	32	89
7	33	166
7	34	226
7	35	140
7	36	176
7	37	86
7	38	86
7	39	193
8	0	239
8	1	230
8	2	240
8	3	230
8	4	237
8	5	231
8	6	241
8	7	89
8	8	93
8	9	231
8	10	237
8	11	232
8	12	93
8	13	106
8	14	100
8	15	88
8	16	240
8	17	233
8	18	90
8	19	89
8	20	234
8	21	90
8	22	90
8	23	94
8	24	92
8	25	91
8	26	93
8	27	88
8	28	92
8	29	94
8	30	116
8	31	90
8	32	87
8	33	88
8	34	94
8	35	86
8	36	94
8	37	95
8	38	92
8	39	91
9	0	241
9	1	224
9	2	242
9	3	91
9	4	89
9	5	233
9	6	235
9	7	229
9	8	235
9	9	170
9	10	230
9	11	172
9	12	191
9	13	239
9	14	151
9	15	93
9	16	96
9	17	90
9	18	87
9	19	88
9	20	91
9	21	95
9	22	162
9	23	107
9	24	143
9	25	223
9	26	90
9	27	188
9	28	170
9	29	101
9	30	212
9	31	91
9	32	90
9	33	108
9	34	103
9	35	91
9	36	154
9	37	199
9	38	83
9	39	100
10	0	216
10	1	213
10	2	230
10	3	213
10	4	130
10	5	159
10	6	208
10	7	228
10	8	153
10	9	90
10	10	97
10	11	90
10	12	92
10	13	93
10	14	96
10	15	93
10	16	96
10	17	86
10	18	93
10	19	92
10	20	90
10	21	140
10	22	87
10	23	86
10	24	95
10	25	126
10	26	116
10	27	98
10	28	123
10	29	110
10	30	88
10	31	207
10	32	106
10	33	91
10	34	95
10	35	126
10	36	90
10	37	93
10	38	93
10	39	132
11	0	216
11	1	216
11	2	223
11	3	153
11	4	93
11	5	89
11	6	87
11	7	110
11	8	143
11	9	156
11	10	90
11	11	93
11	12	89
11	13	90
11	14	92
11	15	97
11	16	92
11	17	86
11	18	124
11	19	122
11	20	116
11	21	229
11	22	93
11	23	91
11	24	155
11	25	96
11	26	86
11	27	110
11	28	114
11	29	96
11	30	212
11	31	110
11	32	101
11	33	95
11	34	88
11	35	96
11	36	97
11	37	103
11	38	96
11	39	83
12	0	219
12	1	211
12	2	216
12	3	220
12	4	152
12	5	99
12	6	100
12	7	93
12	8	89
12	9	93
12	10	89
12	11	86
12	12	90
12	13	91
12	14	93
12	15	90
12	16	90
12	17	94
12	18	87
12	19	89
12	20	94
12	21	126
12	22	93
12	23	154
12	24	92
12	25	87
12	26	128
12	27	96
12	28	106
12	29	94
12	30	100
12	31	87
12	32	89
12	33	90
12	34	85
12	35	84
12	36	86
12	37	82
12	38	87
12	39	85
13	0	220
13	1	212
13	2	216
13	3	95
13	4	88
13	5	91
13	6	92
13	7	90
13	8	113
13	9	225
13	10	86
13	11	87
13	12	89
13	13	98
13	14	93
13	15	169
13	16	91
13	17	94
13	18	95
13	19	92
13	20	94
13	21	90
13	22	187
13	23	89
13	24	123
13	25	124
13	26	125
13	27	107
13	28	173
13	29	103
13	30	117
13	31	86
13	32	87
13	33	85
13	34	85
13	35	89
13	36	83
13	37	86
13	38	85
13	39	87
14	0	215
14	1	212
14	2	219
14	3	211
14	4	90
14	5	90
14	6	200
14	7	210
14	8	135
14	9	93
14	10	90
14	11	92
14	12	92
14	13	91
14	14	93
14	15	141
14	16	173
14	17	108
14	18	93
14	19	94
14	20	114
14	21	116
14	22	128
14	23	130
14	24	100
14	25	90
14	26	111
14	27	94
14	28	116
14	29	108
14	30	85
14	31	87
14	32	83
14	33	88
14	34	83
14	35	86
14	36	84
14	37	84
14	38	85
14	39	84
15	0	223
15	1	213
15	2	213
15	3	93
15	4	93
15	5	92
15	6	213
15	7	217
15	8	229
15	9	221
15	10	219
15	11	197
15	12	166
15	13	213
15	14	126
15	15	166
15	16	182
15	17	93
15	18	96
15	19	124
15	20	93
15	21	129
15	22	118
15	23	86
15	24	129
15	25	99
15	26	153
15	27	100
15	28	108
15	29	93
15	30	86
15	31	85
15	32	90
15	33	83
15	34	84
15	35	86
15	36	86
15	37	83
15	38	85
15	39	82
16	0	236
16	1	241
16	2	243
16	3	239
16	4	238
16	5	240
16	6	90
16	7	93
16	8	93
16	9	87
16	10	96
16	11	93
16	12	93
16	13	90
16	14	90
16	15	88
16	16	90
16	17	99
16	18	88
16	19	88
16	20	94
16	21	83
16	22	94
16	23	89
16	24	86
16	25	89
16	26	84
16	27	86
16	28	82
16	29	82
16	30	83
16	31	86
16	32	80
16	33	85
16	34	86
16	35	82
16	36	89
16	37	83
16	38	84
16	39	86
17	0	233
17	1	234
17	2	236
17	3	240
17	4	97
17	5	93
17	6	91
17	7	153
17	8	223
17	9	148
17	10	155
17	11	146
17	12	120
17	13	202
17	14	156
17	15	222
17	16	90
17	17	141
17	18	90
17	19	90
17	20	99
17	21	147
17	22	87
17	23	120
17	24	85
17	25	88
17	26	133
17	27	97
17	28	90
17	29	87
17	30	84
17	31	86
17	32	86
17	33	87
17	34	84
17	35	83
17	36	83
17	37	85
17	38	86
17	39	84
18	0	238
18	1	247
18	2	243
18	3	92
18	4	87
18	5	89
18	6	90
18	7	90
18	8	193
18	9	92
18	10	93
18	11	96
18	12	85
18	13	90
18	14	135
18	15	86
18	16	132
18	17	242
18	18	96
18	19	96
18	20	97
18	21	92
18	22	99
18	23	96
18	24	86
18	25	93
18	26	104
18	27	87
18	28	84
18	29	84
18	30	86
18	31	80
18	32	91
18	33	83
18	34	86
18	35	83
18	36	89
18	37	81
18	38	83
18	39	83
19	0	240
19	1	238
19	2	247
19	3	230
19	4	234
19	5	180
19	6	161
19	7	240
19	8	225
19	9	216
19	10	179
19	11	182
19	12	116
19	13	193
19	14	93
19	15	134
19	16	87
19	17	243
19	18	93
19	19	85
19	20	126
19	21	129
19	22	117
19	23	96
19	24	89
19	25	92
19	26	88
19	27	94
19	28	213
19	29	80
19	30	83
19	31	89
19	32	80
19	33	83
19	34	82
19	35	87
19	36	83
19	37	83
19	38	86
19	39	86
20	0	243
20	1	243
20	2	234
20	3	230
20	4	139
20	5	86
20	6	96
20	7	95
20	8	86
20	9	86
20	10	91
20	11	93
20	12	90
20	13	86
20	14	90
20	15	85
20	16	141
20	17	86
20	18	96
20	19	110
20	20	92
20	21	93
20	22	122
20	23	85
20	24	86
20	25	90
20	26	109
20	27	89
20	28	92
20	29	105
20	30	91
20	31	160
20	32	83
20	33	86
20	34	81
20	35	84
20	36	89
20	37	85
20	38	83
20	39	86
21	0	236
21	1	240
21	2	228
21	3	91
21	4	91
21	5	93
21	6	100
21	7	94
21	8	92
21	9	84
21	10	93
21	11	94
21	12	93
21	13	94
21	14	87
21	15	90
21	16	93
21	17	92
21	18	90
21	19	230
21	20	233
21	21	92
21	22	92
21	23	93
21	24	93
21	25	103
21	26	93
21	27	109
21	28	88
21	29	98
21	30	83
21	31	85
21	32	83
21	33	82
21	34	86
21	35	90
21	36	89
21	37	89
21	38	93
21	39	105
22	0	243
22	1	244
22	2	236
22	3	103
22	4	94
22	5	90
22	6	93
22	7	85
22	8	95
22	9	90
22	10	93
22	11	88
22	12	88
22	13	93
22	14	91
22	15	146
22	16	133
22	17	95
22	18	114
22	19	93
22	20	96
22	21	96
22	22	104
22	23	120
22	24	104
22	25	86
22	26	202
22	27	91
22	28	90
22	29	83
22	30	86
22	31	87
22	32	87
22	33	84
22	34	81
22	35	82
22	36	86
22	37	84
22	38	80
22	39	86
23	0	236
23	1	245
23	2	233
23	3	103
23	4	87
23	5	85
23	6	94
23	7	93
23	8	89
23	9	98
23	10	86
23	11	96
23	12	94
23	13	92
23	14	95
23	15	90
23	16	136
23	17	91
23	18	90
23	19	242
23	20	126
23	21	125
23	22	219
23	23	92
23	24	91
23	25	89
23	26	100
23	27	88
23	28	89
23	29	86
23	30	82
23	31	90
23	32	87
23	33	83
23	34	89
23	35	82
23	36	82
23	37	88
23	38	86
23	39	86
24	0	237
24	1	231
24	2	243
24	3	130
24	4	91
24	5	93
24	6	122
24	7	227
24	8	95
24	9	89
24	10	89
24	11	86
24	12	89
24	13	94
24	14	90
24	15	87
24	16	97
24	17	93
24	18	90
24	19	90
24	20	102
24	21	98
24	22	90
24	23	105
24	24	94
24	25	106
24	26	92
24	27	88
24	28	93
24	29	85
24	30	87
24	31	86
24	32	86
24	33	81
24	34	83
24	35	84
24	36	82
24	37	84
24	38	86
24	39	83
25	0	237
25	1	230
25	2	238
25	3	231
25	4	113
25	5	85
25	6	92
25	7	91
25	8	173
25	9	196
25	10	223
25	11	210
25	12	140
25	13	192
25	14	140
25	15	156
25	16	93
25	17	91
25	18	87
25	19	100
25	20	88
25	21	92
25	22	90
25	23	93
25	24	110
25	25	93
25	26	153
25	27	117
25	28	105
25	29	86
25	30	85
25	31	88
25	32	80
25	33	82
25	34	83
25	35	82
25	36	86
25	37	82
25	38	85
25	39	85
26	0	239
26	1	227
26	2	251
26	3	231
26	4	226
26	5	127
26	6	173
26	7	99
26	8	137
26	9	133
26	10	92
26	11	86
26	12	95
26	13	120
26	14	116
26	15	91
26	16	91
26	17	96
26	18	90
26	19	86
26	20	118
26	21	127
26	22	89
26	23	96
26	24	92
26	25	163
26	26	131
26	27	89
26	28	82
26	29	83
26	30	85
26	31	87
26	32	84
26	33	82
26	34	87
26	35	90
26	36	86
26	37	84
26	38	86
26	39	82
27	0	237
27	1	222
27	2	241
27	3	96
27	4	87
27	5	96
27	6	89
27	7	90
27	8	93
27	9	93
27	10	91
27	11	86
27	12	86
27	13	96
27	14	96
27	15	93
27	16	91
27	17	85
27	18	91
27	19	93
27	20	183
27	21	88
27	22	90
27	23	89
27	24	104
27	25	87
27	26	87
27	27	195
27	28	86
27	29	91
27	30	88
27	31	95
27	32	86
27	33	86
27	34	83
27	35	85
27	36	82
27	37	83
27	38	103
27	39	81
28	0	235
28	1	229
28	2	188
28	3	94
28	4	93
28	5	91
28	6	91
28	7	90
28	8	112
28	9	93
28	10	91
28	11	86
28	12	89
28	13	89
28	14	168
28	15	133
28	16	90
28	17	86
28	18	94
28	19	88
28	20	84
28	21	87
28	22	91
28	23	87
28	24	109
28	25	154
28	26	224
28	27	90
28	28	88
28	29	80
28	30	85
28	31	85
28	32	97
28	33	85
28	34	84
28	35	86
28	36	80
28	37	92
28	38	83
28	39	98
29	0	231
29	1	227
29	2	227
29	3	243
29	4	90
29	5	88
29	6	92
29	7	89
29	8	96
29	9	95
29	10	90
29	11	89
29	12	91
29	13	93
29	14	85
29	15	119
29	16	92
29	17	95
29	18	86
29	19	90
29	20	85
29	21	85
29	22	88
29	23	107
29	24	87
29	25	134
29	26	217
29	27	88
29	28	101
29	29	90
29	30	83
29	31	83
29	32	85
29	33	83
29	34	81
29	35	80
29	36	82
29	37	83
29	38	91
29	39	86
30	0	238
30	1	226
30	2	240
30	3	90
30	4	93
30	5	90
30	6	91
30	7	88
30	8	92
30	9	90
30	10	89
30	11	88
30	12	91
30	13	90
30	14	248
30	15	91
30	16	90
30	17	89
30	18	90
30	19	149
30	20	225
30	21	90
30	22	115
30	23	100
30	24	157
30	25	156
30	26	93
30	27	96
30	28	193
30	29	86
30	30	86
30	31	84
30	32	88
30	33	83
30	34	86
30	35	84
30	36	84
30	37	88
30	38	83
30	39	84
31	0	240
31	1	227
31	2	233
31	3	133
31	4	93
31	5	91
31	6	90
31	7	89
31	8	95
31	9	90
31	10	89
31	11	92
31	12	99
31	13	90
31	14	129
31	15	98
31	16	125
31	17	87
31	18	93
31	19	90
31	20	92
31	21	116
31	22	96
31	23	90
31	24	108
31	25	90
31	26	87
31	27	110
31	28	91
31	29	90
31	30	85
31	31	86
31	32	83
31	33	85
31	34	85
31	35	80
31	36	80
31	37	82
31	38	81
31	39	85
32	0	238
32	1	243
32	2	241
32	3	236
32	4	270
32	5	88
32	6	87
32	7	94
32	8	88
32	9	92
32	10	92
32	11	83
32	12	94
32	13	87
32	14	88
32	15	87
32	16	88
32	17	89
32	18	84
32	19	86
32	20	90
32	21	81
32	22	86
32	23	87
32	24	90
32	25	90
32	26	86
32	27	86
32	28	86
32	29	84
32	30	85
32	31	83
32	32	83
32	33	83
32	34	92
32	35	85
32	36	83
32	37	86
32	38	92
32	39	80
33	0	235
33	1	234
33	2	266
33	3	238
33	4	253
33	5	265
33	6	243
33	7	239
33	8	234
33	9	234
33	10	236
33	11	234
33	12	231
33	13	230
33	14	236
33	15	217
33	16	238
33	17	233
33	18	238
33	19	237
33	20	221
33	21	232
33	22	248
33	23	240
33	24	200
33	25	210
33	26	223
33	27	158
33	28	93
33	29	86
33	30	83
33	31	85
33	32	90
33	33	83
33	34	87
33	35	83
33	36	85
33	37	86
33	38	84
33	39	86
34	0	239
34	1	235
34	2	245
34	3	240
34	4	235
34	5	221
34	6	232
34	7	229
34	8	236
34	9	240
34	10	240
34	11	241
34	12	230
34	13	223
34	14	228
34	15	226
34	16	237
34	17	245
34	18	245
34	19	242
34	20	227
34	21	225
34	22	229
34	23	236
34	24	183
34	25	216
34	26	201
34	27	161
34	28	226
34	29	133
34	30	106
34	31	86
34	32	86
34	33	107
34	34	83
34	35	80
34	36	84
34	37	84
34	38	84
34	39	84
35	0	240
35	1	233
35	2	253
35	3	236
35	4	233
35	5	233
35	6	241
35	7	240
35	8	224
35	9	229
35	10	229
35	11	237
35	12	240
35	13	241
35	14	227
35	15	227
35	16	228
35	17	182
35	18	183
35	19	192
35	20	180
35	21	213
35	22	233
35	23	213
35	24	176
35	25	155
35	26	157
35	27	207
35	28	107
35	29	90
35	30	87
35	31	85
35	32	87
35	33	83
35	34	104
35	35	81
35	36	82
35	37	83
35	38	85
35	39	80
36	0	235
36	1	240
36	2	232
36	3	234
36	4	220
36	5	235
36	6	233
36	7	222
36	8	250
36	9	244
36	10	223
36	11	210
36	12	208
36	13	234
36	14	206
36	15	223
36	16	244
36	17	224
36	18	166
36	19	176
36	20	210
36	21	208
36	22	229
36	23	183
36	24	161
36	25	169
36	26	211
36	27	194
36	28	169
36	29	93
36	30	83
36	31	80
36	32	86
36	33	85
36	34	81
36	35	90
36	36	85
36	37	86
36	38	82
36	39	81
37	0	241
37	1	233
37	2	230
37	3	231
37	4	245
37	5	224
37	6	217
37	7	225
37	8	230
37	9	228
37	10	236
37	11	211
37	12	194
37	13	243
37	14	215
37	15	204
37	16	231
37	17	230
37	18	179
37	19	191
37	20	236
37	21	214
37	22	219
37	23	187
37	24	179
37	25	166
37	26	183
37	27	162
37	28	94
37	29	89
37	30	82
37	31	84
37	32	90
37	33	84
37	34	90
37	35	84
37	36	84
37	37	87
37	38	89
37	39	89
38	0	236
38	1	246
38	2	234
38	3	241
38	4	233
38	5	228
38	6	247
38	7	234
38	8	228
38	9	252
38	10	223
38	11	223
38	12	203
38	13	232
38	14	214
38	15	219
38	16	233
38	17	230
38	18	197
38	19	191
38	20	199
38	21	217
38	22	240
38	23	207
38	24	170
38	25	190
38	26	203
38	27	209
38	28	188
38	29	96
38	30	92
38	31	84
38	32	88
38	33	83
38	34	87
38	35	82
38	36	83
38	37	86
38	38	83
38	39	82
39	0	235
39	1	240
39	2	234
39	3	240
39	4	237
39	5	240
39	6	228
39	7	232
39	8	228
39	9	223
39	10	233
39	11	204
39	12	214
39	13	214
39	14	204
39	15	216
39	16	228
39	17	189
39	18	183
39	19	194
39	20	173
39	21	216
39	22	209
39	23	190
39	24	173
39	25	187
39	26	207
39	27	136
39	28	116
39	29	105
39	30	124
39	31	80
39	32	89
39	33	213
39	34	140
39	35	91
39	36	80
39	37	86
39	38	83
39	39	83
40	0	239
40	1	223
40	2	244
40	3	230
40	4	244
40	5	228
40	6	236
40	7	230
40	8	238
40	9	222
40	10	227
40	11	226
40	12	206
40	13	226
40	14	201
40	15	219
40	16	240
40	17	210
40	18	168
40	19	181
40	20	207
40	21	199
40	22	231
40	23	189
40	24	144
40	25	151
40	26	154
40	27	143
40	28	189
40	29	103
40	30	84
40	31	88
40	32	90
40	33	87
40	34	84
40	35	86
40	36	78
40	37	86
40	38	85
40	39	79
41	0	239
41	1	226
41	2	240
41	3	232
41	4	250
41	5	231
41	6	231
41	7	221
41	8	230
41	9	221
41	10	203
41	11	206
41	12	201
41	13	240
41	14	190
41	15	215
41	16	226
41	17	177
41	18	185
41	19	179
41	20	198
41	21	189
41	22	227
41	23	193
41	24	167
41	25	191
41	26	186
41	27	153
41	28	118
41	29	155
41	30	86
41	31	84
41	32	94
41	33	88
41	34	85
41	35	85
41	36	80
41	37	86
41	38	84
41	39	85
42	0	240
42	1	229
42	2	243
42	3	228
42	4	223
42	5	237
42	6	223
42	7	244
42	8	232
42	9	218
42	10	235
42	11	222
42	12	205
42	13	224
42	14	191
42	15	206
42	16	235
42	17	180
42	18	185
42	19	174
42	20	153
42	21	226
42	22	213
42	23	188
42	24	221
42	25	159
42	26	234
42	27	136
42	28	113
42	29	85
42	30	89
42	31	85
42	32	83
42	33	82
42	34	171
42	35	130
42	36	81
42	37	82
42	38	82
42	39	89
43	0	236
43	1	231
43	2	250
43	3	238
43	4	231
43	5	239
43	6	225
43	7	222
43	8	210
43	9	243
43	10	214
43	11	227
43	12	216
43	13	202
43	14	191
43	15	231
43	16	229
43	17	179
43	18	193
43	19	183
43	20	205
43	21	223
43	22	233
43	23	185
43	24	156
43	25	153
43	26	144
43	27	146
43	28	93
43	29	92
43	30	89
43	31	82
43	32	84
43	33	85
43	34	82
43	35	82
43	36	83
43	37	86
43	38	86
43	39	80
44	0	237
44	1	224
44	2	230
44	3	249
44	4	239
44	5	235
44	6	221
44	7	243
44	8	241
44	9	221
44	10	214
44	11	236
44	12	205
44	13	202
44	14	193
44	15	209
44	16	230
44	17	207
44	18	215
44	19	191
44	20	191
44	21	200
44	22	180
44	23	164
44	24	180
44	25	213
44	26	184
44	27	211
44	28	151
44	29	86
44	30	85
44	31	85
44	32	84
44	33	83
44	34	83
44	35	86
44	36	84
44	37	85
44	38	82
44	39	82
45	0	241
45	1	230
45	2	233
45	3	243
45	4	237
45	5	245
45	6	217
45	7	227
45	8	236
45	9	246
45	10	230
45	11	196
45	12	206
45	13	230
45	14	215
45	15	221
45	16	243
45	17	182
45	18	180
45	19	179
45	20	189
45	21	200
45	22	230
45	23	177
45	24	168
45	25	147
45	26	224
45	27	148
45	28	192
45	29	104
45	30	84
45	31	83
45	32	85
45	33	89
45	34	89
45	35	86
45	36	84
45	37	85
45	38	90
45	39	83
46	0	233
46	1	229
46	2	236
46	3	231
46	4	233
46	5	232
46	6	248
46	7	236
46	8	242
46	9	221
46	10	226
46	11	224
46	12	200
46	13	239
46	14	239
46	15	206
46	16	236
46	17	196
46	18	170
46	19	183
46	20	174
46	21	198
46	22	207
46	23	177
46	24	190
46	25	208
46	26	189
46	27	171
46	28	115
46	29	82
46	30	92
46	31	83
46	32	92
46	33	86
46	34	89
46	35	84
46	36	80
46	37	86
46	38	82
46	39	193
47	0	239
47	1	224
47	2	233
47	3	233
47	4	230
47	5	236
47	6	234
47	7	216
47	8	224
47	9	226
47	10	241
47	11	206
47	12	207
47	13	210
47	14	196
47	15	208
47	16	226
47	17	204
47	18	170
47	19	226
47	20	220
47	21	196
47	22	214
47	23	200
47	24	190
47	25	173
47	26	229
47	27	190
47	28	172
47	29	94
47	30	86
47	31	84
47	32	85
47	33	85
47	34	82
47	35	82
47	36	83
47	37	83
47	38	82
47	39	86
48	0	233
48	1	235
48	2	245
48	3	243
48	4	235
48	5	243
48	6	242
48	7	240
48	8	236
48	9	236
48	10	227
48	11	207
48	12	210
48	13	236
48	14	211
48	15	214
48	16	211
48	17	220
48	18	205
48	19	160
48	20	176
48	21	197
48	22	241
48	23	146
48	24	113
48	25	112
48	26	83
48	27	144
48	28	85
48	29	86
48	30	86
48	31	83
48	32	84
48	33	84
48	34	83
48	35	86
48	36	86
48	37	90
48	38	85
48	39	112
49	0	242
49	1	238
49	2	240
49	3	247
49	4	250
49	5	238
49	6	236
49	7	231
49	8	223
49	9	230
49	10	216
49	11	220
49	12	199
49	13	212
49	14	201
49	15	220
49	16	236
49	17	190
49	18	180
49	19	185
49	20	176
49	21	213
49	22	227
49	23	197
49	24	164
49	25	182
49	26	188
49	27	220
49	28	213
49	29	118
49	30	86
49	31	88
49	32	85
49	33	89
49	34	80
49	35	82
49	36	83
49	37	87
49	38	86
49	39	85
50	0	235
50	1	243
50	2	239
50	3	245
50	4	239
50	5	225
50	6	223
50	7	230
50	8	244
50	9	237
50	10	232
50	11	218
50	12	199
50	13	207
50	14	210
50	15	221
50	16	243
50	17	213
50	18	185
50	19	191
50	20	230
50	21	196
50	22	226
50	23	173
50	24	168
50	25	162
50	26	209
50	27	180
50	28	193
50	29	106
50	30	89
50	31	87
50	32	86
50	33	89
50	34	86
50	35	81
50	36	84
50	37	84
50	38	86
50	39	84
51	0	234
51	1	233
51	2	244
51	3	238
51	4	231
51	5	229
51	6	242
51	7	238
51	8	214
51	9	230
51	10	212
51	11	234
51	12	207
51	13	243
51	14	207
51	15	206
51	16	218
51	17	179
51	18	193
51	19	184
51	20	206
51	21	216
51	22	223
51	23	223
51	24	173
51	25	192
51	26	213
51	27	183
51	28	206
51	29	132
51	30	87
51	31	180
51	32	168
51	33	86
51	34	85
51	35	85
51	36	80
51	37	82
51	38	93
51	39	90
52	0	236
52	1	243
52	2	235
52	3	236
52	4	230
52	5	244
52	6	229
52	7	223
52	8	235
52	9	228
52	10	227
52	11	234
52	12	231
52	13	233
52	14	198
52	15	212
52	16	206
52	17	230
52	18	170
52	19	183
52	20	184
52	21	210
52	22	183
52	23	186
52	24	179
52	25	229
52	26	166
52	27	161
52	28	87
52	29	85
52	30	84
52	31	83
52	32	85
52	33	85
52	34	86
52	35	86
52	36	86
52	37	85
52	38	84
52	39	90
53	0	242
53	1	238
53	2	236
53	3	233
53	4	233
53	5	225
53	6	231
53	7	234
53	8	228
53	9	229
53	10	223
53	11	231
53	12	194
53	13	220
53	14	220
53	15	220
53	16	235
53	17	244
53	18	180
53	19	176
53	20	190
53	21	210
53	22	212
53	23	192
53	24	196
53	25	167
53	26	185
53	27	150
53	28	134
53	29	119
53	30	85
53	31	83
53	32	86
53	33	86
53	34	85
53	35	81
53	36	86
53	37	87
53	38	83
53	39	82
54	0	238
54	1	243
54	2	233
54	3	240
54	4	238
54	5	227
54	6	241
54	7	219
54	8	214
54	9	238
54	10	213
54	11	224
54	12	199
54	13	228
54	14	203
54	15	207
54	16	228
54	17	186
54	18	171
54	19	176
54	20	202
54	21	199
54	22	237
54	23	206
54	24	178
54	25	159
54	26	193
54	27	165
54	28	177
54	29	91
54	30	85
54	31	83
54	32	89
54	33	82
54	34	85
54	35	89
54	36	85
54	37	94
54	38	84
54	39	84
55	0	240
55	1	243
55	2	236
55	3	248
55	4	234
55	5	237
55	6	234
55	7	233
55	8	217
55	9	224
55	10	230
55	11	244
55	12	217
55	13	210
55	14	194
55	15	247
55	16	236
55	17	177
55	18	183
55	19	196
55	20	198
55	21	214
55	22	226
55	23	236
55	24	156
55	25	148
55	26	213
55	27	190
55	28	130
55	29	93
55	30	86
55	31	88
55	32	86
55	33	86
55	34	86
55	35	89
55	36	79
55	37	84
55	38	81
55	39	84
56	0	238
56	1	233
56	2	243
56	3	236
56	4	231
56	5	237
56	6	237
56	7	223
56	8	220
56	9	228
56	10	236
56	11	222
56	12	207
56	13	209
56	14	200
56	15	226
56	16	246
56	17	177
56	18	190
56	19	176
56	20	183
56	21	196
56	22	224
56	23	204
56	24	176
56	25	158
56	26	221
56	27	145
56	28	220
56	29	153
56	30	136
56	31	124
56	32	98
56	33	86
56	34	86
56	35	84
56	36	85
56	37	87
56	38	86
56	39	86
57	0	236
57	1	226
57	2	245
57	3	238
57	4	240
57	5	238
57	6	236
57	7	220
57	8	230
57	9	242
57	10	230
57	11	228
57	12	202
57	13	219
57	14	180
57	15	229
57	16	246
57	17	197
57	18	175
57	19	185
57	20	183
57	21	196
57	22	244
57	23	183
57	24	176
57	25	180
57	26	130
57	27	187
57	28	195
57	29	133
57	30	87
57	31	83
57	32	85
57	33	89
57	34	88
57	35	90
57	36	87
57	37	81
57	38	86
57	39	86
58	0	223
58	1	214
58	2	234
58	3	221
58	4	218
58	5	230
58	6	206
58	7	212
58	8	219
58	9	212
58	10	216
58	11	193
58	12	189
58	13	234
58	14	194
58	15	213
58	16	233
58	17	212
58	18	238
58	19	190
58	20	200
58	21	217
58	22	217
58	23	191
58	24	176
58	25	155
58	26	173
58	27	174
58	28	147
58	29	85
58	30	87
58	31	90
58	32	92
58	33	85
58	34	86
58	35	87
58	36	86
58	37	86
58	38	88
58	39	87
59	0	234
59	1	227
59	2	233
59	3	241
59	4	226
59	5	240
59	6	241
59	7	216
59	8	224
59	9	219
59	10	220
59	11	214
59	12	220
59	13	223
59	14	210
59	15	229
59	16	227
59	17	182
59	18	213
59	19	183
59	20	178
59	21	208
59	22	198
59	23	193
59	24	157
59	25	159
59	26	183
59	27	210
59	28	89
59	29	87
59	30	81
59	31	94
59	32	91
59	33	86
59	34	88
59	35	83
59	36	88
59	37	90
59	38	86
59	39	82
60	0	238
60	1	219
60	2	241
60	3	246
60	4	244
60	5	223
60	6	224
60	7	232
60	8	226
60	9	219
60	10	216
60	11	233
60	12	206
60	13	185
60	14	192
60	15	245
60	16	242
60	17	197
60	18	230
60	19	243
60	20	184
60	21	223
60	22	224
60	23	187
60	24	177
60	25	200
60	26	221
60	27	189
60	28	131
60	29	93
60	30	85
60	31	89
60	32	93
60	33	83
60	34	93
60	35	84
60	36	83
60	37	88
60	38	86
60	39	90
61	0	243
61	1	228
61	2	235
61	3	246
61	4	236
61	5	234
61	6	227
61	7	229
61	8	230
61	9	241
61	10	241
61	11	225
61	12	201
61	13	194
61	14	217
61	15	220
61	16	204
61	17	202
61	18	194
61	19	197
61	20	180
61	21	203
61	22	193
61	23	197
61	24	203
61	25	180
61	26	149
61	27	156
61	28	148
61	29	138
61	30	83
61	31	84
61	32	87
61	33	84
61	34	142
61	35	84
61	36	83
61	37	83
61	38	86
61	39	84
62	0	237
62	1	231
62	2	232
62	3	236
62	4	229
62	5	246
62	6	240
62	7	233
62	8	225
62	9	228
62	10	220
62	11	222
62	12	232
62	13	220
62	14	218
62	15	229
62	16	228
62	17	180
62	18	183
62	19	177
62	20	186
62	21	227
62	22	238
62	23	212
62	24	225
62	25	156
62	26	196
62	27	188
62	28	232
62	29	86
62	30	109
62	31	93
62	32	89
62	33	83
62	34	88
62	35	90
62	36	88
62	37	85
62	38	87
62	39	87
63	0	239
63	1	228
63	2	238
63	3	232
63	4	228
63	5	236
63	6	233
63	7	220
63	8	221
63	9	230
63	10	226
63	11	230
63	12	230
63	13	221
63	14	200
63	15	238
63	16	241
63	17	181
63	18	178
63	19	182
63	20	178
63	21	191
63	22	222
63	23	203
63	24	157
63	25	160
63	26	196
63	27	159
63	28	128
63	29	87
63	30	86
63	31	90
63	32	90
63	33	92
63	34	85
63	35	81
63	36	87
63	37	86
63	38	85
63	39	90
64	0	240
64	1	240
64	2	245
64	3	244
64	4	240
64	5	243
64	6	230
64	7	228
64	8	227
64	9	225
64	10	219
64	11	226
64	12	197
64	13	223
64	14	215
64	15	220
64	16	203
64	17	180
64	18	170
64	19	109
64	20	106
64	21	86
64	22	159
64	23	147
64	24	85
64	25	86
64	26	86
64	27	93
64	28	83
64	29	89
64	30	86
64	31	86
64	32	85
64	33	83
64	34	85
64	35	83
64	36	83
64	37	80
64	38	87
64	39	90
