# arm64 store-stride trigger sweep
# timer: clock_gettime(CLOCK_MONOTONIC) ns
# stride_lines train_step avg_ns
1	0	424
1	1	370
1	2	338
1	3	219
1	4	206
1	5	143
1	6	143
1	7	134
1	8	129
1	9	125
1	10	106
1	11	108
1	12	112
1	13	96
1	14	90
1	15	99
1	16	96
1	17	99
1	18	86
1	19	97
1	20	88
1	21	89
1	22	93
1	23	88
1	24	92
1	25	85
1	26	88
1	27	92
1	28	96
1	29	87
1	30	94
1	31	90
1	32	88
1	33	88
1	34	93
1	35	92
1	36	90
1	37	95
1	38	93
1	39	91
2	0	236
2	1	230
2	2	235
2	3	136
2	4	132
2	5	90
2	6	113
2	7	114
2	8	111
2	9	113
2	10	116
2	11	116
2	12	113
2	13	113
2	14	91
2	15	90
2	16	97
2	17	93
2	18	92
2	19	89
2	20	92
2	21	96
2	22	112
2	23	110
2	24	116
2	25	114
2	26	118
2	27	109
2	28	109
2	29	110
2	30	86
2	31	90
2	32	246
2	33	125
2	34	237
2	35	119
2	36	91
2	37	90
2	38	90
2	39	90
3	0	240
3	1	227
3	2	234
3	3	135
3	4	146
3	5	117
3	6	110
3	7	112
3	8	109
3	9	109
3	10	109
3	11	111
3	12	116
3	13	114
3	14	116
3	15	113
3	16	115
3	17	110
3	18	115
3	19	113
3	20	111
3	21	86
3	22	239
3	23	239
3	24	216
3	25	224
3	26	91
3	27	92
3	28	85
3	29	90
3	30	93
3	31	91
3	32	91
3	33	91
3	34	96
3	35	94
3	36	90
3	37	89
3	38	93
3	39	88
4	0	239
4	1	232
4	2	215
4	3	123
4	4	134
4	5	109
4	6	110
4	7	119
4	8	112
4	9	114
4	10	112
4	11	106
4	12	114
4	13	113
4	14	111
4	15	112
4	16	233
4	17	84
4	18	83
4	19	213
4	20	90
4	21	93
4	22	92
4	23	88
4	24	92
4	25	90
4	26	91
4	27	96
4	28	90
4	29	93
4	30	97
4	31	93
4	32	247
4	33	153
4	34	113
4	35	212
4	36	87
4	37	88
4	38	83
4	39	84
5	0	238
5	1	236
5	2	221
5	3	132
5	4	139
5	5	112
5	6	111
5	7	111
5	8	112
5	9	114
5	10	116
5	11	110
5	12	225
5	13	230
5	14	89
5	15	129
5	16	100
5	17	93
5	18	90
5	19	89
5	20	89
5	21	89
5	22	89
5	23	92
5	24	88
5	25	94
5	26	249
5	27	233
5	28	221
5	29	190
5	30	97
5	31	89
5	32	88
5	33	89
5	34	90
5	35	94
5	36	91
5	37	95
5	38	94
5	39	233
6	0	243
6	1	231
6	2	217
6	3	140
6	4	124
6	5	113
6	6	110
6	7	110
6	8	113
6	9	115
6	10	224
6	11	233
6	12	216
6	13	225
6	14	96
6	15	87
6	16	95
6	17	93
6	18	87
6	19	91
6	20	89
6	21	89
6	22	233
6	23	100
6	24	157
6	25	122
6	26	93
6	27	88
6	28	90
6	29	89
6	30	90
6	31	87
6	32	223
6	33	199
6	34	219
6	35	95
6	36	136
6	37	92
6	38	143
6	39	112
7	0	227
7	1	231
7	2	213
7	3	135
7	4	126
7	5	110
7	6	112
7	7	114
7	8	106
7	9	108
7	10	231
7	11	220
7	12	229
7	13	122
7	14	92
7	15	93
7	16	90
7	17	92
7	18	93
7	19	243
7	20	226
7	21	234
7	22	133
7	23	91
7	24	90
7	25	91
7	26	94
7	27	95
7	28	246
7	29	226
7	30	258
7	31	223
7	32	229
7	33	144
7	34	222
7	35	129
7	36	96
7	37	239
7	38	226
7	39	235
8	0	234
8	1	214
8	2	230
8	3	134
8	4	135
8	5	112
8	6	113
8	7	112
8	8	237
8	9	219
8	10	140
8	11	203
8	12	91
8	13	93
8	14	93
8	15	96
8	16	238
8	17	83
8	18	84
8	19	88
8	20	84
8	21	85
8	22	83
8	23	87
8	24	235
8	25	149
8	26	89
8	27	89
8	28	233
8	29	84
8	30	86
8	31	85
8	32	236
8	33	84
8	34	81
8	35	86
8	36	86
8	37	80
8	38	86
8	39	86
9	0	238
9	1	219
9	2	231
9	3	134
9	4	142
9	5	109
9	6	113
9	7	106
9	8	229
9	9	173
9	10	227
9	11	230
9	12	96
9	13	90
9	14	96
9	15	240
9	16	216
9	17	152
9	18	224
9	19	90
9	20	86
9	21	94
9	22	233
9	23	160
9	24	219
9	25	224
9	26	170
9	27	242
9	28	137
9	29	220
9	30	141
9	31	225
9	32	92
9	33	90
9	34	94
9	35	94
9	36	220
9	37	182
9	38	137
9	39	111
10	0	229
10	1	206
10	2	220
10	3	127
10	4	123
10	5	106
10	6	116
10	7	227
10	8	228
10	9	241
10	10	161
10	11	91
10	12	89
10	13	223
10	14	94
10	15	88
10	16	96
10	17	93
10	18	85
10	19	92
10	20	222
10	21	226
10	22	161
10	23	130
10	24	171
10	25	86
10	26	221
10	27	217
10	28	140
10	29	146
10	30	85
10	31	93
10	32	221
10	33	126
10	34	129
10	35	126
10	36	86
10	37	96
10	38	94
10	39	229
11	0	223
11	1	210
11	2	227
11	3	133
11	4	118
11	5	113
11	6	226
11	7	220
11	8	217
11	9	125
11	10	89
11	11	91
11	12	226
11	13	181
11	14	173
11	15	92
11	16	89
11	17	95
11	18	227
11	19	226
11	20	219
11	21	224
11	22	175
11	23	216
11	24	226
11	25	218
11	26	213
11	27	213
11	28	93
11	29	94
11	30	226
11	31	153
11	32	155
11	33	149
11	34	88
11	35	219
11	36	87
11	37	186
11	38	216
11	39	96
12	0	216
12	1	215
12	2	208
12	3	134
12	4	130
12	5	113
12	6	217
12	7	93
12	8	91
12	9	119
12	10	90
12	11	230
12	12	92
12	13	159
12	14	222
12	15	94
12	16	226
12	17	143
12	18	96
12	19	228
12	20	172
12	21	174
12	22	223
12	23	182
12	24	99
12	25	145
12	26	95
12	27	228
12	28	138
12	29	159
12	30	126
12	31	96
12	32	230
12	33	122
12	34	119
12	35	83
12	36	83
12	37	86
12	38	212
12	39	90
13	0	223
13	1	217
13	2	212
13	3	100
13	4	93
13	5	223
13	6	216
13	7	217
13	8	98
13	9	89
13	10	222
13	11	222
13	12	93
13	13	110
13	14	89
13	15	226
13	16	223
13	17	156
13	18	219
13	19	226
13	20	229
13	21	176
13	22	216
13	23	206
13	24	94
13	25	233
13	26	224
13	27	185
13	28	204
13	29	91
13	30	227
13	31	223
13	32	224
13	33	156
13	34	88
13	35	233
13	36	180
13	37	201
13	38	143
13	39	92
14	0	225
14	1	218
14	2	215
14	3	129
14	4	120
14	5	226
14	6	142
14	7	196
14	8	86
14	9	98
14	10	223
14	11	91
14	12	116
14	13	226
14	14	226
14	15	108
14	16	219
14	17	166
14	18	213
14	19	219
14	20	91
14	21	93
14	22	128
14	23	227
14	24	130
14	25	185
14	26	170
14	27	90
14	28	219
14	29	110
14	30	181
14	31	154
14	32	236
14	33	141
14	34	155
14	35	93
14	36	92
14	37	230
14	38	189
14	39	166
15	0	221
15	1	216
15	2	221
15	3	125
15	4	106
15	5	219
15	6	173
15	7	222
15	8	94
15	9	234
15	10	103
15	11	173
15	12	198
15	13	238
15	14	185
15	15	136
15	16	108
15	17	169
15	18	224
15	19	96
15	20	163
15	21	213
15	22	226
15	23	106
15	24	206
15	25	166
15	26	231
15	27	239
15	28	229
15	29	163
15	30	227
15	31	123
15	32	121
15	33	173
15	34	90
15	35	227
15	36	136
15	37	114
15	38	113
15	39	224
16	0	236
16	1	231
16	2	233
16	3	100
16	4	232
16	5	226
16	6	229
16	7	87
16	8	232
16	9	139
16	10	226
16	11	110
16	12	223
16	13	116
16	14	142
16	15	225
16	16	223
16	17	206
16	18	84
16	19	156
16	20	228
16	21	80
16	22	86
16	23	116
16	24	229
16	25	86
16	26	131
16	27	88
16	28	233
16	29	80
16	30	89
16	31	85
16	32	233
16	33	127
16	34	113
16	35	98
16	36	232
16	37	84
16	38	90
16	39	84
17	0	233
17	1	237
17	2	233
17	3	101
17	4	239
17	5	237
17	6	236
17	7	91
17	8	230
17	9	218
17	10	145
17	11	85
17	12	230
17	13	92
17	14	226
17	15	183
17	16	236
17	17	150
17	18	199
17	19	239
17	20	96
17	21	235
17	22	139
17	23	245
17	24	223
17	25	167
17	26	159
17	27	229
17	28	156
17	29	135
17	30	149
17	31	230
17	32	189
17	33	166
17	34	236
17	35	138
17	36	243
17	37	150
17	38	245
17	39	234
18	0	247
18	1	231
18	2	238
18	3	92
18	4	230
18	5	225
18	6	227
18	7	93
18	8	229
18	9	126
18	10	170
18	11	226
18	12	146
18	13	108
18	14	192
18	15	219
18	16	220
18	17	160
18	18	227
18	19	115
18	20	94
18	21	85
18	22	233
18	23	132
18	24	165
18	25	241
18	26	185
18	27	152
18	28	133
18	29	232
18	30	223
18	31	156
18	32	241
18	33	127
18	34	163
18	35	172
18	36	228
18	37	138
18	38	227
18	39	146
19	0	243
19	1	232
19	2	238
19	3	103
19	4	228
19	5	218
19	6	233
19	7	237
19	8	90
19	9	98
19	10	220
19	11	237
19	12	121
19	13	216
19	14	229
19	15	137
19	16	92
19	17	241
19	18	174
19	19	175
19	20	113
19	21	235
19	22	230
19	23	93
19	24	241
19	25	186
19	26	83
19	27	246
19	28	121
19	29	157
19	30	151
19	31	229
19	32	196
19	33	142
19	34	239
19	35	163
19	36	159
19	37	119
19	38	244
19	39	154
20	0	243
20	1	243
20	2	225
20	3	110
20	4	235
20	5	234
20	6	125
20	7	226
20	8	124
20	9	235
20	10	229
20	11	133
20	12	160
20	13	241
20	14	120
20	15	129
20	16	244
20	17	93
20	18	93
20	19	113
20	20	239
20	21	91
20	22	208
20	23	229
20	24	221
20	25	89
20	26	235
20	27	126
20	28	134
20	29	236
20	30	161
20	31	91
20	32	244
20	33	121
20	34	86
20	35	116
20	36	238
20	37	120
20	38	85
20	39	226
21	0	239
21	1	241
21	2	227
21	3	103
21	4	237
21	5	229
21	6	223
21	7	240
21	8	126
21	9	203
21	10	232
21	11	160
21	12	119
21	13	234
21	14	239
21	15	98
21	16	239
21	17	237
21	18	103
21	19	231
21	20	180
21	21	97
21	22	233
21	23	139
21	24	89
21	25	230
21	26	234
21	27	196
21	28	223
21	29	130
21	30	196
21	31	227
21	32	163
21	33	152
21	34	230
21	35	119
21	36	184
21	37	229
21	38	117
21	39	119
22	0	238
22	1	240
22	2	223
22	3	236
22	4	222
22	5	226
22	6	238
22	7	225
22	8	236
22	9	237
22	10	124
22	11	234
22	12	226
22	13	226
22	14	153
22	15	222
22	16	215
22	17	234
22	18	230
22	19	132
22	20	175
22	21	223
22	22	127
22	23	106
22	24	246
22	25	90
22	26	134
22	27	239
22	28	112
22	29	92
22	30	243
22	31	122
22	32	243
22	33	223
22	34	134
22	35	232
22	36	143
22	37	95
22	38	246
22	39	119
23	0	239
23	1	236
23	2	223
23	3	237
23	4	223
23	5	233
23	6	227
23	7	233
23	8	226
23	9	229
23	10	236
23	11	170
23	12	239
23	13	168
23	14	233
23	15	215
23	16	97
23	17	233
23	18	169
23	19	183
23	20	220
23	21	124
23	22	173
23	23	226
23	24	135
23	25	132
23	26	233
23	27	161
23	28	230
23	29	127
23	30	123
23	31	227
23	32	192
23	33	158
23	34	220
23	35	133
23	36	159
23	37	233
23	38	170
23	39	237
24	0	238
24	1	228
24	2	233
24	3	224
24	4	233
24	5	227
24	6	236
24	7	228
24	8	235
24	9	225
24	10	232
24	11	227
24	12	236
24	13	225
24	14	240
24	15	159
24	16	236
24	17	221
24	18	231
24	19	220
24	20	170
24	21	88
24	22	230
24	23	171
24	24	229
24	25	180
24	26	182
24	27	222
24	28	207
24	29	183
24	30	227
24	31	199
24	32	226
24	33	191
24	34	230
24	35	225
24	36	154
24	37	86
24	38	236
24	39	161
25	0	234
25	1	219
25	2	231
25	3	222
25	4	230
25	5	221
25	6	231
25	7	229
25	8	229
25	9	234
25	10	223
25	11	239
25	12	224
25	13	239
25	14	148
25	15	236
25	16	233
25	17	162
25	18	233
25	19	226
25	20	176
25	21	228
25	22	233
25	23	176
25	24	227
25	25	231
25	26	227
25	27	233
25	28	183
25	29	238
25	30	193
25	31	240
25	32	166
25	33	228
25	34	236
25	35	177
25	36	236
25	37	223
25	38	173
25	39	233
26	0	239
26	1	216
26	2	233
26	3	231
26	4	225
26	5	236
26	6	224
26	7	236
26	8	238
26	9	220
26	10	228
26	11	221
26	12	226
26	13	228
26	14	226
26	15	240
26	16	166
26	17	225
26	18	236
26	19	226
26	20	228
26	21	231
26	22	224
26	23	243
26	24	230
26	25	226
26	26	193
26	27	222
26	28	226
26	29	195
26	30	228
26	31	236
26	32	262
26	33	225
26	34	234
26	35	226
26	36	222
26	37	237
26	38	172
26	39	207
27	0	241
27	1	223
27	2	235
27	3	232
27	4	224
27	5	240
27	6	237
27	7	227
27	8	229
27	9	233
27	10	225
27	11	225
27	12	243
27	13	219
27	14	225
27	15	240
27	16	138
27	17	229
27	18	237
27	19	234
27	20	229
27	21	241
27	22	236
27	23	233
27	24	227
27	25	237
27	26	227
27	27	224
27	28	238
27	29	226
27	30	223
27	31	237
27	32	228
27	33	221
27	34	243
27	35	232
27	36	227
27	37	236
27	38	238
27	39	206
28	0	238
28	1	217
28	2	219
28	3	238
28	4	239
28	5	229
28	6	224
28	7	243
28	8	235
28	9	219
28	10	225
28	11	238
28	12	227
28	13	217
28	14	226
28	15	241
28	16	238
28	17	153
28	18	226
28	19	241
28	20	233
28	21	227
28	22	228
28	23	236
28	24	232
28	25	223
28	26	224
28	27	238
28	28	235
28	29	230
28	30	226
28	31	233
28	32	239
28	33	209
28	34	213
28	35	230
28	36	228
28	37	219
28	38	215
28	39	230
29	0	232
29	1	217
29	2	218
29	3	226
29	4	234
29	5	233
29	6	225
29	7	229
29	8	224
29	9	243
29	10	229
29	11	226
29	12	226
29	13	226
29	14	235
29	15	233
29	16	242
29	17	160
29	18	226
29	19	240
29	20	234
29	21	230
29	22	227
29	23	230
29	24	224
29	25	239
29	26	236
29	27	226
29	28	221
29	29	225
29	30	236
29	31	233
29	32	235
29	33	226
29	34	230
29	35	237
29	36	242
29	37	203
29	38	226
29	39	224
30	0	242
30	1	220
30	2	228
30	3	230
30	4	223
30	5	236
30	6	234
30	7	233
30	8	236
30	9	225
30	10	227
30	11	228
30	12	227
30	13	239
30	14	232
30	15	239
30	16	143
30	17	201
30	18	228
30	19	246
30	20	230
30	21	234
30	22	240
30	23	228
30	24	236
30	25	226
30	26	226
30	27	224
30	28	227
30	29	236
30	30	244
30	31	170
30	32	237
30	33	226
30	34	196
30	35	228
30	36	199
30	37	238
30	38	239
30	39	238
31	0	243
31	1	222
31	2	219
31	3	227
31	4	226
31	5	226
31	6	223
31	7	224
31	8	223
31	9	233
31	10	239
31	11	242
31	12	233
31	13	232
31	14	236
31	15	237
31	16	233
31	17	226
31	18	225
31	19	229
31	20	223
31	21	228
31	22	219
31	23	215
31	24	224
31	25	238
31	26	225
31	27	239
31	28	237
31	29	236
31	30	234
31	31	233
31	32	230
31	33	228
31	34	228
31	35	227
31	36	222
31	37	231
31	38	229
31	39	219
32	0	235
32	1	231
32	2	226
32	3	236
32	4	239
32	5	230
32	6	235
32	7	229
32	8	231
32	9	228
32	10	237
32	11	229
32	12	228
32	13	227
32	14	229
32	15	226
32	16	226
32	17	223
32	18	231
32	19	230
32	20	231
32	21	219
32	22	232
32	23	229
32	24	230
32	25	206
32	26	216
32	27	219
32	28	216
32	29	216
32	30	216
32	31	211
32	32	222
32	33	214
32	34	223
32	35	226
32	36	221
32	37	226
32	38	219
32	39	220
33	0	234
33	1	218
33	2	223
33	3	226
33	4	233
33	5	226
33	6	228
33	7	227
33	8	223
33	9	216
33	10	223
33	11	219
33	12	215
33	13	219
33	14	221
33	15	224
33	16	220
33	17	221
33	18	227
33	19	216
33	20	236
33	21	221
33	22	223
33	23	221
33	24	216
33	25	215
33	26	223
33	27	216
33	28	225
33	29	213
33	30	222
33	31	218
33	32	228
33	33	225
33	34	219
33	35	220
33	36	212
33	37	234
33	38	236
33	39	239
34	0	225
34	1	231
34	2	236
34	3	236
34	4	226
34	5	219
34	6	211
34	7	217
34	8	231
34	9	226
34	10	242
34	11	236
34	12	227
34	13	224
34	14	227
34	15	224
34	16	236
34	17	235
34	18	236
34	19	239
34	20	225
34	21	226
34	22	226
34	23	226
34	24	234
34	25	234
34	26	234
34	27	240
34	28	223
34	29	228
34	30	225
34	31	229
34	32	233
34	33	230
34	34	241
34	35	242
34	36	231
34	37	225
34	38	228
34	39	220
35	0	236
35	1	228
35	2	240
35	3	224
35	4	227
35	5	226
35	6	238
35	7	232
35	8	231
35	9	244
35	10	223
35	11	233
35	12	236
35	13	242
35	14	225
35	15	226
35	16	228
35	17	233
35	18	235
35	19	226
35	20	223
35	21	226
35	22	238
35	23	235
35	24	228
35	25	226
35	26	229
35	27	266
35	28	237
35	29	240
35	30	227
35	31	226
35	32	235
35	33	240
35	34	236
35	35	228
35	36	224
35	37	246
35	38	235
35	39	237
36	0	234
36	1	237
36	2	229
36	3	226
36	4	229
36	5	241
36	6	229
36	7	223
36	8	236
36	9	240
36	10	229
36	11	224
36	12	229
36	13	230
36	14	217
36	15	221
36	16	223
36	17	229
36	18	219
36	19	223
36	20	235
36	21	235
36	22	229
36	23	217
36	24	229
36	25	225
36	26	226
36	27	222
36	28	216
36	29	223
36	30	219
36	31	215
36	32	225
36	33	228
36	34	219
36	35	210
36	36	229
36	37	230
36	38	226
36	39	218
37	0	238
37	1	225
37	2	220
37	3	217
37	4	231
37	5	220
37	6	221
37	7	237
37	8	224
37	9	226
37	10	230
37	11	239
37	12	226
37	13	234
37	14	239
37	15	228
37	16	235
37	17	236
37	18	228
37	19	227
37	20	243
37	21	230
37	22	226
37	23	237
37	24	224
37	25	225
37	26	236
37	27	239
37	28	226
37	29	236
37	30	230
37	31	222
37	32	235
37	33	238
37	34	225
37	35	228
37	36	236
37	37	229
37	38	225
37	39	236
38	0	240
38	1	234
38	2	222
38	3	234
38	4	221
38	5	224
38	6	239
38	7	226
38	8	233
38	9	237
38	10	223
38	11	235
38	12	226
38	13	224
38	14	239
38	15	223
38	16	234
38	17	240
38	18	227
38	19	236
38	20	219
38	21	227
38	22	238
38	23	223
38	24	241
38	25	241
38	26	226
38	27	236
38	28	223
38	29	226
38	30	237
38	31	226
38	32	236
38	33	241
38	34	227
38	35	232
38	36	225
38	37	223
38	38	241
38	39	226
39	0	241
39	1	233
39	2	223
39	3	236
39	4	227
39	5	233
39	6	226
39	7	233
39	8	225
39	9	228
39	10	237
39	11	223
39	12	240
39	13	228
39	14	236
39	15	223
39	16	236
39	17	241
39	18	227
39	19	246
39	20	230
39	21	232
39	22	229
39	23	235
39	24	228
39	25	230
39	26	240
39	27	229
39	28	243
39	29	223
39	30	233
39	31	229
39	32	233
39	33	239
39	34	230
39	35	237
39	36	222
39	37	239
39	38	231
39	39	232
40	0	229
40	1	221
40	2	235
40	3	226
40	4	236
40	5	226
40	6	233
40	7	229
40	8	236
40	9	225
40	10	233
40	11	225
40	12	235
40	13	229
40	14	235
40	15	228
40	16	239
40	17	221
40	18	229
40	19	217
40	20	227
40	21	226
40	22	226
40	23	225
40	24	234
40	25	223
40	26	235
40	27	216
40	28	227
40	29	218
40	30	228
40	31	225
40	32	229
40	33	221
40	34	232
40	35	224
40	36	236
40	37	218
40	38	228
40	39	225
41	0	236
41	1	219
41	2	236
41	3	226
41	4	238
41	5	233
41	6	234
41	7	231
41	8	224
41	9	231
41	10	220
41	11	241
41	12	220
41	13	242
41	14	226
41	15	237
41	16	240
41	17	223
41	18	239
41	19	225
41	20	241
41	21	228
41	22	242
41	23	217
41	24	224
41	25	235
41	26	224
41	27	235
41	28	227
41	29	240
41	30	226
41	31	239
41	32	236
41	33	229
41	34	234
41	35	225
41	36	242
41	37	227
41	38	237
41	39	226
42	0	239
42	1	219
42	2	237
42	3	226
42	4	228
42	5	236
42	6	224
42	7	237
42	8	234
42	9	225
42	10	240
42	11	225
42	12	222
42	13	236
42	14	230
42	15	238
42	16	236
42	17	228
42	18	234
42	19	223
42	20	227
42	21	234
42	22	228
42	23	237
42	24	238
42	25	226
42	26	238
42	27	222
42	28	224
42	29	236
42	30	228
42	31	242
42	32	238
42	33	222
42	34	243
42	35	224
42	36	223
42	37	240
42	38	226
42	39	239
43	0	236
43	1	213
43	2	246
43	3	231
43	4	225
43	5	243
43	6	231
43	7	226
43	8	223
43	9	232
43	10	223
43	11	228
43	12	238
43	13	226
43	14	228
43	15	242
43	16	232
43	17	231
43	18	242
43	19	233
43	20	224
43	21	241
43	22	234
43	23	227
43	24	225
43	25	233
43	26	225
43	27	227
43	28	234
43	29	226
43	30	228
43	31	233
43	32	238
43	33	229
43	34	233
43	35	236
43	36	224
43	37	236
43	38	240
43	39	225
44	0	235
44	1	217
44	2	229
44	3	236
44	4	234
44	5	226
44	6	228
44	7	238
44	8	241
44	9	227
44	10	226
44	11	244
44	12	235
44	13	220
44	14	228
44	15	239
44	16	238
44	17	222
44	18	223
44	19	240
44	20	231
44	21	227
44	22	228
44	23	227
44	24	223
44	25	220
44	26	220
44	27	229
44	28	225
44	29	223
44	30	226
44	31	237
44	32	238
44	33	219
44	34	223
44	35	233
44	36	227
44	37	220
44	38	221
44	39	232
45	0	235
45	1	222
45	2	231
45	3	239
45	4	233
45	5	236
45	6	223
45	7	220
45	8	230
45	9	240
45	10	240
45	11	226
45	12	229
45	13	229
45	14	238
45	15	237
45	16	234
45	17	223
45	18	231
45	19	240
45	20	242
45	21	233
45	22	227
45	23	229
45	24	221
45	25	235
45	26	232
45	27	226
45	28	231
45	29	226
45	30	240
45	31	235
45	32	237
45	33	226
45	34	225
45	35	241
45	36	240
45	37	236
45	38	229
45	39	225
46	0	236
46	1	220
46	2	226
46	3	230
46	4	223
46	5	237
46	6	238
46	7	236
46	8	237
46	9	227
46	10	223
46	11	226
46	12	228
46	13	244
46	14	242
46	15	229
46	16	236
46	17	230
46	18	221
46	19	225
46	20	228
46	21	239
46	22	232
46	23	241
46	24	236
46	25	224
46	26	229
46	27	226
46	28	223
46	29	236
46	30	242
46	31	235
46	32	233
46	33	226
46	34	224
46	35	226
46	36	230
46	37	239
46	38	242
46	39	240
47	0	234
47	1	220
47	2	231
47	3	229
47	4	224
47	5	227
47	6	224
47	7	228
47	8	224
47	9	243
47	10	240
47	11	236
47	12	239
47	13	239
47	14	236
47	15	233
47	16	237
47	17	232
47	18	232
47	19	226
47	20	229
47	21	226
47	22	224
47	23	227
47	24	229
47	25	242
47	26	243
47	27	235
47	28	238
47	29	233
47	30	237
47	31	233
47	32	236
47	33	223
47	34	218
47	35	215
47	36	218
47	37	224
47	38	220
47	39	219
48	0	233
48	1	231
48	2	240
48	3	236
48	4	240
48	5	233
48	6	223
48	7	233
48	8	236
48	9	226
48	10	230
48	11	230
48	12	233
48	13	228
48	14	230
48	15	233
48	16	228
48	17	229
48	18	233
48	19	232
48	20	235
48	21	232
48	22	233
48	23	236
48	24	230
48	25	231
48	26	233
48	27	229
48	28	229
48	29	226
48	30	233
48	31	230
48	32	237
48	33	228
48	34	229
48	35	230
48	36	228
48	37	225
48	38	228
48	39	236
49	0	231
49	1	233
49	2	239
49	3	234
49	4	239
49	5	236
49	6	236
49	7	237
49	8	229
49	9	221
49	10	223
49	11	227
49	12	229
49	13	226
49	14	231
49	15	226
49	16	232
49	17	236
49	18	236
49	19	237
49	20	239
49	21	241
49	22	241
49	23	243
49	24	226
49	25	231
49	26	226
49	27	228
49	28	226
49	29	226
49	30	223
49	31	246
49	32	239
49	33	237
49	34	238
49	35	232
49	36	239
49	37	236
49	38	237
49	39	241
50	0	246
50	1	233
50	2	238
50	3	237
50	4	232
50	5	225
50	6	224
50	7	228
50	8	236
50	9	233
50	10	239
50	11	238
50	12	225
50	13	228
50	14	225
50	15	228
50	16	237
50	17	233
50	18	239
50	19	239
50	20	226
50	21	226
50	22	224
50	23	223
50	24	235
50	25	237
50	26	243
50	27	239
50	28	225
50	29	227
50	30	226
50	31	228
50	32	239
50	33	233
50	34	240
50	35	239
50	36	229
50	37	223
50	38	228
50	39	225
51	0	237
51	1	232
51	2	241
51	3	224
51	4	228
51	5	218
51	6	233
51	7	239
51	8	229
51	9	226
51	10	224
51	11	233
51	12	240
51	13	241
51	14	229
51	15	226
51	16	235
51	17	237
51	18	238
51	19	226
51	20	228
51	21	228
51	22	238
51	23	242
51	24	227
51	25	223
51	26	230
51	27	236
51	28	244
51	29	239
51	30	223
51	31	227
51	32	237
51	33	238
51	34	240
51	35	219
51	36	227
51	37	229
51	38	236
51	39	238
52	0	236
52	1	235
52	2	228
52	3	235
52	4	233
52	5	236
52	6	227
52	7	229
52	8	234
52	9	236
52	10	226
52	11	227
52	12	236
52	13	233
52	14	229
52	15	226
52	16	239
52	17	238
52	18	227
52	19	228
52	20	236
52	21	235
52	22	232
52	23	227
52	24	235
52	25	244
52	26	226
52	27	227
52	28	235
52	29	236
52	30	229
52	31	225
52	32	238
52	33	236
52	34	223
52	35	226
52	36	227
52	37	235
52	38	223
52	39	224
53	0	236
53	1	233
53	2	229
53	3	226
53	4	236
53	5	227
53	6	226
53	7	232
53	8	226
53	9	228
53	10	237
53	11	238
53	12	230
53	13	233
53	14	237
53	15	226
53	16	235
53	17	239
53	18	223
53	19	229
53	20	242
53	21	231
53	22	226
53	23	238
53	24	227
53	25	228
53	26	234
53	27	242
53	28	226
53	29	237
53	30	242
53	31	229
53	32	233
53	33	236
53	34	226
53	35	224
53	36	240
53	37	228
53	38	227
53	39	242
54	0	239
54	1	229
54	2	227
54	3	236
54	4	223
54	5	226
54	6	237
54	7	226
54	8	235
54	9	240
54	10	229
54	11	233
54	12	224
54	13	226
54	14	243
54	15	226
54	16	235
54	17	243
54	18	224
54	19	233
54	20	223
54	21	228
54	22	238
54	23	228
54	24	233
54	25	239
54	26	226
54	27	233
54	28	228
54	29	229
54	30	243
54	31	226
54	32	239
54	33	240
54	34	229
54	35	237
54	36	225
54	37	228
54	38	239
54	39	219
55	0	236
55	1	233
55	2	228
55	3	242
55	4	224
55	5	236
55	6	228
55	7	241
55	8	226
55	9	226
55	10	239
55	11	229
55	12	239
55	13	226
55	14	233
55	15	225
55	16	236
55	17	240
55	18	225
55	19	240
55	20	226
55	21	233
55	22	223
55	23	236
55	24	223
55	25	226
55	26	243
55	27	226
55	28	238
55	29	220
55	30	234
55	31	228
55	32	235
55	33	237
55	34	228
55	35	242
55	36	225
55	37	235
55	38	226
55	39	238
56	0	242
56	1	226
56	2	236
56	3	226
56	4	232
56	5	226
56	6	239
56	7	226
56	8	236
56	9	223
56	10	232
56	11	227
56	12	236
56	13	228
56	14	237
56	15	231
56	16	238
56	17	218
56	18	233
56	19	221
56	20	231
56	21	222
56	22	230
56	23	219
56	24	229
56	25	220
56	26	233
56	27	221
56	28	230
56	29	223
56	30	232
56	31	224
56	32	231
56	33	221
56	34	229
56	35	216
56	36	224
56	37	222
56	38	229
56	39	221
57	0	236
57	1	216
57	2	238
57	3	231
57	4	237
57	5	226
57	6	232
57	7	230
57	8	229
57	9	237
57	10	226
57	11	240
57	12	228
57	13	241
57	14	229
57	15	237
57	16	235
57	17	224
57	18	235
57	19	223
57	20	240
57	21	226
57	22	240
57	23	227
57	24	226
57	25	237
57	26	229
57	27	233
57	28	227
57	29	236
57	30	225
57	31	240
57	32	236
57	33	226
57	34	240
57	35	223
57	36	241
57	37	222
57	38	239
57	39	227
58	0	237
58	1	216
58	2	236
58	3	224
58	4	226
58	5	240
58	6	228
58	7	237
58	8	236
58	9	226
58	10	242
58	11	228
58	12	227
58	13	238
58	14	230
58	15	237
58	16	239
58	17	228
58	18	243
58	19	227
58	20	227
58	21	243
58	22	225
58	23	237
58	24	231
58	25	228
58	26	239
58	27	229
58	28	228
58	29	237
58	30	224
58	31	243
58	32	233
58	33	225
58	34	243
58	35	223
58	36	225
58	37	235
58	38	226
58	39	249
59	0	242
59	1	218
59	2	240
59	3	238
59	4	230
59	5	236
59	6	238
59	7	229
59	8	229
59	9	236
59	10	226
59	11	229
59	12	246
59	13	226
59	14	226
59	15	238
59	16	237
59	17	229
59	18	238
59	19	236
59	20	226
59	21	237
59	22	235
59	23	229
59	24	230
59	25	239
59	26	225
59	27	221
59	28	239
59	29	230
59	30	224
59	31	239
59	32	236
59	33	226
59	34	238
59	35	237
59	36	227
59	37	242
59	38	233
59	39	226
60	0	240
60	1	225
60	2	224
60	3	232
60	4	232
60	5	227
60	6	225
60	7	245
60	8	236
60	9	226
60	10	225
60	11	244
60	12	236
60	13	228
60	14	227
60	15	240
60	16	237
60	17	222
60	18	229
60	19	237
60	20	236
60	21	228
60	22	223
60	23	237
60	24	237
60	25	224
60	26	231
60	27	240
60	28	238
60	29	221
60	30	226
60	31	236
60	32	234
60	33	219
60	34	226
60	35	234
60	36	233
60	37	219
60	38	219
60	39	233
61	0	241
61	1	222
61	2	227
61	3	239
61	4	240
61	5	233
61	6	226
61	7	224
61	8	229
61	9	243
61	10	236
61	11	226
61	12	227
61	13	230
61	14	238
61	15	233
61	16	235
61	17	232
61	18	226
61	19	237
61	20	241
61	21	233
61	22	223
61	23	226
61	24	226
61	25	238
61	26	242
61	27	230
61	28	220
61	29	227
61	30	237
61	31	233
61	32	233
61	33	226
61	34	229
61	35	238
61	36	241
61	37	232
61	38	227
61	39	227
62	0	246
62	1	223
62	2	225
62	3	226
62	4	226
62	5	240
62	6	239
62	7	236
62	8	236
62	9	227
62	10	227
62	11	220
62	12	229
62	13	241
62	14	238
62	15	234
62	16	238
62	17	230
62	18	226
62	19	228
62	20	228
62	21	240
62	22	242
62	23	230
62	24	236
62	25	228
62	26	227
62	27	229
62	28	226
62	29	241
62	30	238
62	31	238
62	32	232
62	33	227
62	34	225
62	35	230
62	36	229
62	37	240
62	38	242
62	39	239
63	0	236
63	1	224
63	2	229
63	3	226
63	4	229
63	5	226
63	6	229
63	7	230
63	8	223
63	9	238
63	10	242
63	11	235
63	12	239
63	13	236
63	14	234
63	15	236
63	16	237
63	17	226
63	18	226
63	19	226
63	20	224
63	21	224
63	22	228
63	23	226
63	24	230
63	25	239
63	26	239
63	27	239
63	28	239
63	29	233
63	30	239
63	31	233
63	32	232
63	33	227
63	34	227
63	35	225
63	36	229
63	37	230
63	38	229
63	39	230
64	0	239
64	1	232
64	2	239
64	3	233
64	4	230
64	5	230
64	6	232
64	7	229
64	8	232
64	9	229
64	10	233
64	11	233
64	12	233
64	13	230
64	14	232
64	15	232
64	16	231
64	17	230
64	18	230
64	19	231
64	20	230
64	21	230
64	22	230
64	23	226
64	24	236
64	25	228
64	26	229
64	27	231
64	28	231
64	29	227
64	30	233
64	31	229
64	32	232
64	33	231
64	34	230
64	35	233
64	36	233
64	37	234
64	38	231
64	39	232
