# x86 stride prefetch latency map
# access mode: software prefetch (prefetcht0)
# stride_bytes=128 train_step=1000 rounds=40000 probe_positions=2560
# position	offset_bytes	avg_cycles	probes
  0	           0	        29	   16
  1	          64	        28	   16
  2	         128	        28	   16
  3	         192	        28	   16
  4	         256	        29	   16
  5	         320	        29	   16
  6	         384	        28	   16
  7	         448	        28	   16
  8	         512	        28	   16
  9	         576	        29	   16
 10	         640	        29	   16
 11	         704	        28	   16
 12	         768	        28	   16
 13	         832	        28	   16
 14	         896	        29	   16
 15	         960	        29	   16
 16	        1024	        29	   16
 17	        1088	        29	   16
 18	        1152	        28	   16
 19	        1216	        28	   16
 20	        1280	        28	   16
 21	        1344	        29	   16
 22	        1408	        28	   16
 23	        1472	        29	   16
 24	        1536	        28	   16
 25	        1600	        29	   16
 26	        1664	        29	   16
 27	        1728	        28	   16
 28	        1792	        28	   16
 29	        1856	        28	   16
 30	        1920	        29	   16
 31	        1984	        29	   16
 32	        2048	        29	   16
 33	        2112	        29	   16
 34	        2176	        29	   16
 35	        2240	        28	   16
 36	        2304	        28	   16
 37	        2368	        28	   16
 38	        2432	        29	   16
 39	        2496	        28	   16
 40	        2560	        29	   16
 41	        2624	        29	   16
 42	        2688	        29	   16
 43	        2752	        29	   16
 44	        2816	        28	   16
 45	        2880	        28	   16
 46	        2944	        28	   16
 47	        3008	        29	   16
 48	        3072	        28	   16
 49	        3136	        28	   16
 50	        3200	        29	   16
 51	        3264	        28	   16
 52	        3328	        29	   16
 53	        3392	        28	   16
 54	        3456	        28	   16
 55	        3520	        29	   16
 56	        3584	        29	   16
 57	        3648	        29	   16
 58	        3712	        29	   16
 59	        3776	        29	   16
 60	        3840	        28	   16
 61	        3904	        28	   16
 62	        3968	        28	   16
 63	        4032	        29	   16
 64	        4096	        28	   16
 65	        4160	        28	   16
 66	        4224	        28	   16
 67	        4288	        29	   16
 68	        4352	        29	   16
 69	        4416	        28	   16
 70	        4480	        28	   16
 71	        4544	        29	   16
 72	        4608	        29	   16
 73	        4672	        28	   16
 74	        4736	        28	   16
 75	        4800	        29	   16
 76	        4864	        28	   16
 77	        4928	        29	   16
 78	        4992	        29	   16
 79	        5056	        29	   16
 80	        5120	        29	   16
 81	        5184	        29	   16
 82	        5248	        28	   16
 83	        5312	        28	   16
 84	        5376	        29	   16
 85	        5440	        29	   16
 86	        5504	        28	   16
 87	        5568	        28	   16
 88	        5632	        29	   16
 89	        5696	        28	   16
 90	        5760	        28	   16
 91	        5824	        29	   16
 92	        5888	        28	   16
 93	        5952	        29	   16
 94	        6016	        29	   16
 95	        6080	        28	   16
 96	        6144	        28	   16
 97	        6208	        28	   16
 98	        6272	        28	   16
 99	        6336	        28	   16
100	        6400	        29	   16
101	        6464	        29	   16
102	        6528	        28	   16
103	        6592	        28	   16
104	        6656	        29	   16
105	        6720	        29	   16
106	        6784	        29	   16
107	        6848	        29	   16
108	        6912	        28	   16
109	        6976	        28	   16
110	        7040	        28	   16
111	        7104	        28	   16
112	        7168	        28	   16
113	        7232	        28	   16
114	        7296	        28	   16
115	        7360	        29	   16
116	        7424	        29	   16
117	        7488	        28	   16
118	        7552	        28	   16
119	        7616	        29	   16
120	        7680	        28	   16
121	        7744	        28	   16
122	        7808	        28	   16
123	        7872	        28	   16
124	        7936	        28	   16
125	        8000	        28	   16
126	        8064	        28	   16
127	        8128	        29	   16
128	        8192	        28	   16
129	        8256	        28	   16
130	        8320	        28	   16
131	        8384	        28	   16
132	        8448	        28	   16
133	        8512	        28	   16
134	        8576	        28	   16
135	        8640	        29	   16
136	        8704	        29	   16
137	        8768	        29	   16
138	        8832	        29	   16
139	        8896	        29	   16
140	        8960	        29	   16
141	        9024	        28	   16
142	        9088	        29	   16
143	        9152	        29	   16
144	        9216	        28	   16
145	        9280	        43	   16
146	        9344	        28	   16
147	        9408	        28	   16
148	        9472	        28	   16
149	        9536	        29	   16
150	        9600	        29	   16
151	        9664	        29	   16
152	        9728	        28	   16
153	        9792	        29	   16
154	        9856	        28	   16
155	        9920	        29	   16
156	        9984	        29	   16
157	       10048	        28	   16
158	       10112	        29	   16
159	       10176	        28	   16
160	       10240	        29	   16
161	       10304	        29	   16
162	       10368	        29	   16
163	       10432	        29	   16
164	       10496	        29	   16
165	       10560	        29	   16
166	       10624	        28	   16
167	       10688	        29	   16
168	       10752	        29	   16
169	       10816	        29	   16
170	       10880	        28	   16
171	       10944	        33	   16
172	       11008	        29	   16
173	       11072	        29	   16
174	       11136	        29	   16
175	       11200	        29	   16
176	       11264	        28	   16
177	       11328	        28	   16
178	       11392	        30	   16
179	       11456	        29	   16
180	       11520	        30	   16
181	       11584	        30	   16
182	       11648	        30	   16
183	       11712	        30	   16
184	       11776	        30	   16
185	       11840	        30	   16
186	       11904	        29	   16
187	       11968	        29	   16
188	       12032	        30	   16
189	       12096	        29	   16
190	       12160	        28	   16
191	       12224	        28	   16
192	       12288	        28	   16
193	       12352	        28	   16
194	       12416	        28	   16
195	       12480	        29	   16
196	       12544	        29	   16
197	       12608	        29	   16
198	       12672	        29	   16
199	       12736	        28	   16
200	       12800	        28	   16
201	       12864	        29	   16
202	       12928	        29	   16
203	       12992	        28	   16
204	       13056	        29	   16
205	       13120	        29	   16
206	       13184	        28	   16
207	       13248	        29	   16
208	       13312	        28	   16
209	       13376	        29	   16
210	       13440	        29	   16
211	       13504	        29	   16
212	       13568	        28	   16
213	       13632	        29	   16
214	       13696	        29	   16
215	       13760	        29	   16
216	       13824	        28	   16
217	       13888	        28	   16
218	       13952	        30	   16
219	       14016	        28	   16
220	       14080	        29	   16
221	       14144	        28	   16
222	       14208	        29	   16
223	       14272	        29	   16
224	       14336	        29	   16
225	       14400	        28	   16
226	       14464	        29	   16
227	       14528	        29	   16
228	       14592	        29	   16
229	       14656	        28	   16
230	       14720	        29	   16
231	       14784	        29	   16
232	       14848	        29	   16
233	       14912	        29	   16
234	       14976	        28	   16
235	       15040	        28	   16
236	       15104	        29	   16
237	       15168	        29	   16
238	       15232	        29	   16
239	       15296	        29	   16
240	       15360	        29	   16
241	       15424	        29	   16
242	       15488	        28	   16
243	       15552	        28	   16
244	       15616	        29	   16
245	       15680	        29	   16
246	       15744	        29	   16
247	       15808	        29	   16
248	       15872	        29	   16
249	       15936	        28	   16
250	       16000	        29	   16
251	       16064	        29	   16
252	       16128	        28	   16
253	       16192	        29	   16
254	       16256	        29	   16
255	       16320	        29	   16
256	       16384	        28	   16
257	       16448	        28	   16
258	       16512	        29	   16
259	       16576	        29	   16
260	       16640	        28	   16
261	       16704	        28	   16
262	       16768	        29	   16
263	       16832	        28	   16
264	       16896	        29	   16
265	       16960	        29	   16
266	       17024	        28	   16
267	       17088	        41	   16
268	       17152	        29	   16
269	       17216	        29	   16
270	       17280	        29	   16
271	       17344	        29	   16
272	       17408	        29	   16
273	       17472	        29	   16
274	       17536	        29	   16
275	       17600	        29	   16
276	       17664	        29	   16
277	       17728	        28	   16
278	       17792	        29	   16
279	       17856	        29	   16
280	       17920	        29	   16
281	       17984	        29	   16
282	       18048	        29	   16
283	       18112	        28	   16
284	       18176	        29	   16
285	       18240	        29	   16
286	       18304	        29	   16
287	       18368	        29	   16
288	       18432	        28	   16
289	       18496	        29	   16
290	       18560	        29	   16
291	       18624	        28	   16
292	       18688	        29	   16
293	       18752	        28	   16
294	       18816	        28	   16
295	       18880	        28	   16
296	       18944	        29	   16
297	       19008	        29	   16
298	       19072	        28	   16
299	       19136	        28	   16
300	       19200	        28	   16
301	       19264	        29	   16
302	       19328	        29	   16
303	       19392	        28	   16
304	       19456	        29	   16
305	       19520	        28	   16
306	       19584	        29	   16
307	       19648	        29	   16
308	       19712	        29	   16
309	       19776	        29	   16
310	       19840	        28	   16
311	       19904	        29	   16
312	       19968	        28	   16
313	       20032	        28	   16
314	       20096	        29	   16
315	       20160	        28	   16
316	       20224	        29	   16
317	       20288	        29	   16
318	       20352	        28	   16
319	       20416	        28	   16
320	       20480	        29	   16
321	       20544	        29	   16
322	       20608	        29	   16
323	       20672	        28	   16
324	       20736	        29	   16
325	       20800	        29	   16
326	       20864	        29	   16
327	       20928	        29	   16
328	       20992	        29	   16
329	       21056	        29	   16
330	       21120	        29	   16
331	       21184	        29	   16
332	       21248	        29	   16
333	       21312	        29	   16
334	       21376	        29	   16
335	       21440	        30	   16
336	       21504	        29	   16
337	       21568	        30	   16
338	       21632	        28	   16
339	       21696	        28	   16
340	       21760	        28	   16
341	       21824	        28	   16
342	       21888	        29	   16
343	       21952	        28	   16
344	       22016	        28	   16
345	       22080	        29	   16
346	       22144	        29	   16
347	       22208	        29	   16
348	       22272	        28	   16
349	       22336	        29	   16
350	       22400	        28	   16
351	       22464	        29	   16
352	       22528	        29	   16
353	       22592	        29	   16
354	       22656	        29	   16
355	       22720	        29	   16
356	       22784	        29	   16
357	       22848	        29	   16
358	       22912	        28	   16
359	       22976	        29	   16
360	       23040	        28	   16
361	       23104	        28	   16
362	       23168	        29	   16
363	       23232	        29	   16
364	       23296	        29	   16
365	       23360	        29	   16
366	       23424	        29	   16
367	       23488	       769	   16
368	       23552	        29	   16
369	       23616	        28	   16
370	       23680	        28	   16
371	       23744	        29	   16
372	       23808	        29	   16
373	       23872	        29	   16
374	       23936	        29	   16
375	       24000	        28	   16
376	       24064	        28	   16
377	       24128	        28	   16
378	       24192	        29	   16
379	       24256	        28	   16
380	       24320	        29	   16
381	       24384	        28	   16
382	       24448	        28	   16
383	       24512	        28	   16
384	       24576	        29	   16
385	       24640	        28	   16
386	       24704	        28	   16
387	       24768	        28	   16
388	       24832	        29	   16
389	       24896	        29	   16
390	       24960	        28	   16
391	       25024	        28	   16
392	       25088	        28	   16
393	       25152	        29	   16
394	       25216	        29	   16
395	       25280	        28	   16
396	       25344	        29	   16
397	       25408	        28	   16
398	       25472	        29	   16
399	       25536	        29	   16
400	       25600	        28	   16
401	       25664	        41	   16
402	       25728	        29	   16
403	       25792	        28	   16
404	       25856	        29	   16
405	       25920	        28	   16
406	       25984	        28	   16
407	       26048	        28	   16
408	       26112	        28	   16
409	       26176	        28	   16
410	       26240	        29	   16
411	       26304	        28	   16
412	       26368	        29	   16
413	       26432	        28	   16
414	       26496	        28	   16
415	       26560	        28	   16
416	       26624	        29	   16
417	       26688	        29	   16
418	       26752	        28	   16
419	       26816	        28	   16
420	       26880	        29	   16
421	       26944	        28	   16
422	       27008	        28	   16
423	       27072	        29	   16
424	       27136	        28	   16
425	       27200	        28	   16
426	       27264	        28	   16
427	       27328	        29	   16
428	       27392	        29	   16
429	       27456	        28	   16
430	       27520	        28	   16
431	       27584	        29	   16
432	       27648	        28	   16
433	       27712	        28	   16
434	       27776	        28	   16
435	       27840	        28	   16
436	       27904	        28	   16
437	       27968	        28	   16
438	       28032	        28	   16
439	       28096	        29	   16
440	       28160	        28	   16
441	       28224	        28	   16
442	       28288	        28	   16
443	       28352	        28	   16
444	       28416	        28	   16
445	       28480	        29	   16
446	       28544	        28	   16
447	       28608	        28	   16
448	       28672	        35	   16
449	       28736	        36	   16
450	       28800	        36	   16
451	       28864	        36	   16
452	       28928	        36	   16
453	       28992	        36	   16
454	       29056	        36	   16
455	       29120	        36	   16
456	       29184	        36	   16
457	       29248	        36	   16
458	       29312	        36	   16
459	       29376	        36	   16
460	       29440	        36	   16
461	       29504	        36	   16
462	       29568	        35	   16
463	       29632	        35	   16
464	       29696	        36	   16
465	       29760	        35	   16
466	       29824	        35	   16
467	       29888	        35	   16
468	       29952	        35	   16
469	       30016	        36	   16
470	       30080	        35	   16
471	       30144	        35	   16
472	       30208	        36	   16
473	       30272	        36	   16
474	       30336	        36	   16
475	       30400	        36	   16
476	       30464	        36	   16
477	       30528	        36	   16
478	       30592	        36	   16
479	       30656	        36	   16
480	       30720	        35	   16
481	       30784	        35	   16
482	       30848	        35	   16
483	       30912	        36	   16
484	       30976	        36	   16
485	       31040	        36	   16
486	       31104	        36	   16
487	       31168	        36	   16
488	       31232	        36	   16
489	       31296	        36	   16
490	       31360	        36	   16
491	       31424	        36	   16
492	       31488	        35	   16
493	       31552	        36	   16
494	       31616	        36	   16
495	       31680	        36	   16
496	       31744	        36	   16
497	       31808	        36	   16
498	       31872	        35	   16
499	       31936	        35	   16
500	       32000	        35	   16
501	       32064	        36	   16
502	       32128	        36	   16
503	       32192	        36	   16
504	       32256	        36	   16
505	       32320	        35	   16
506	       32384	        35	   16
507	       32448	        35	   16
508	       32512	        37	   16
509	       32576	        36	   16
510	       32640	        36	   16
511	       32704	        35	   16
512	       32768	        28	   16
513	       32832	        29	   16
514	       32896	        28	   16
515	       32960	        29	   16
516	       33024	        29	   16
517	       33088	        29	   16
518	       33152	        28	   16
519	       33216	        28	   16
520	       33280	        29	   16
521	       33344	        28	   16
522	       33408	        28	   16
523	       33472	        28	   16
524	       33536	        28	   16
525	       33600	        28	   16
526	       33664	        28	   16
527	       33728	        29	   16
528	       33792	        28	   16
529	       33856	        28	   16
530	       33920	        28	   16
531	       33984	        28	   16
532	       34048	        29	   16
533	       34112	        28	   16
534	       34176	        29	   16
535	       34240	        29	   16
536	       34304	        29	   16
537	       34368	        29	   16
538	       34432	        28	   16
539	       34496	        28	   16
540	       34560	        28	   16
541	       34624	        29	   16
542	       34688	        30	   16
543	       34752	        28	   16
544	       34816	        29	   16
545	       34880	        29	   16
546	       34944	        29	   16
547	       35008	        29	   16
548	       35072	        29	   16
549	       35136	        29	   16
550	       35200	        28	   16
551	       35264	        29	   16
552	       35328	        29	   16
553	       35392	        28	   16
554	       35456	        28	   16
555	       35520	        29	   16
556	       35584	        28	   16
557	       35648	        28	   16
558	       35712	        29	   16
559	       35776	        29	   16
560	       35840	        29	   16
561	       35904	        28	   16
562	       35968	        29	   16
563	       36032	        28	   16
564	       36096	        29	   16
565	       36160	        28	   16
566	       36224	        29	   16
567	       36288	        28	   16
568	       36352	        29	   16
569	       36416	        29	   16
570	       36480	        28	   16
571	       36544	        29	   16
572	       36608	        29	   16
573	       36672	        29	   16
574	       36736	        28	   16
575	       36800	        29	   16
576	       36864	        29	   16
577	       36928	        29	   16
578	       36992	        28	   16
579	       37056	        28	   16
580	       37120	        29	   16
581	       37184	        29	   16
582	       37248	        29	   16
583	       37312	        29	   16
584	       37376	        29	   16
585	       37440	        29	   16
586	       37504	        29	   16
587	       37568	        29	   16
588	       37632	        29	   16
589	       37696	        28	   16
590	       37760	        28	   16
591	       37824	        29	   16
592	       37888	        29	   16
593	       37952	        28	   16
594	       38016	        29	   16
595	       38080	        28	   16
596	       38144	        28	   16
597	       38208	        29	   16
598	       38272	        28	   16
599	       38336	        28	   16
600	       38400	        28	   16
601	       38464	        29	   16
602	       38528	        28	   16
603	       38592	        29	   16
604	       38656	        29	   16
605	       38720	        29	   16
606	       38784	        29	   16
607	       38848	        28	   16
608	       38912	        29	   16
609	       38976	        29	   16
610	       39040	        28	   16
611	       39104	        29	   16
612	       39168	        29	   16
613	       39232	        28	   16
614	       39296	        29	   16
615	       39360	        28	   16
616	       39424	        29	   16
617	       39488	        28	   16
618	       39552	        28	   16
619	       39616	        29	   16
620	       39680	        29	   16
621	       39744	        29	   16
622	       39808	        29	   16
623	       39872	        28	   16
624	       39936	        28	   16
625	       40000	        28	   16
626	       40064	        29	   16
627	       40128	        28	   16
628	       40192	        29	   16
629	       40256	        28	   16
630	       40320	        28	   16
631	       40384	        29	   16
632	       40448	        28	   16
633	       40512	        28	   16
634	       40576	        28	   16
635	       40640	        29	   16
636	       40704	        28	   16
637	       40768	        29	   16
638	       40832	        28	   16
639	       40896	        28	   16
640	       40960	        28	   16
641	       41024	        28	   16
642	       41088	        29	   16
643	       41152	        29	   16
644	       41216	        29	   16
645	       41280	        28	   16
646	       41344	        29	   16
647	       41408	        29	   16
648	       41472	        28	   16
649	       41536	        29	   16
650	       41600	        28	   16
651	       41664	        28	   16
652	       41728	        29	   16
653	       41792	        29	   16
654	       41856	        29	   16
655	       41920	        29	   16
656	       41984	        29	   16
657	       42048	        29	   16
658	       42112	        28	   16
659	       42176	        28	   16
660	       42240	        28	   16
661	       42304	        29	   16
662	       42368	        29	   16
663	       42432	        29	   16
664	       42496	        29	   16
665	       42560	        28	   16
666	       42624	        29	   16
667	       42688	        29	   16
668	       42752	        29	   16
669	       42816	        28	   16
670	       42880	        28	   16
671	       42944	        29	   16
672	       43008	        28	   16
673	       43072	        29	   16
674	       43136	        29	   16
675	       43200	        28	   16
676	       43264	        29	   16
677	       43328	        28	   16
678	       43392	        28	   16
679	       43456	        29	   16
680	       43520	        29	   16
681	       43584	        29	   16
682	       43648	        28	   16
683	       43712	        28	   16
684	       43776	        28	   16
685	       43840	        28	   16
686	       43904	        28	   16
687	       43968	        29	   16
688	       44032	        29	   16
689	       44096	        28	   16
690	       44160	        28	   16
691	       44224	        29	   16
692	       44288	        29	   16
693	       44352	        29	   16
694	       44416	        28	   16
695	       44480	        29	   16
696	       44544	        29	   16
697	       44608	        28	   16
698	       44672	        28	   16
699	       44736	        28	   16
700	       44800	        29	   16
701	       44864	        29	   16
702	       44928	        29	   16
703	       44992	        29	   16
704	       45056	        28	   16
705	       45120	        29	   16
706	       45184	        28	   16
707	       45248	        29	   16
708	       45312	        29	   16
709	       45376	        29	   16
710	       45440	        29	   16
711	       45504	        28	   16
712	       45568	        28	   16
713	       45632	        28	   16
714	       45696	        29	   16
715	       45760	        28	   16
716	       45824	        29	   16
717	       45888	        28	   16
718	       45952	        29	   16
719	       46016	        28	   16
720	       46080	        29	   16
721	       46144	        28	   16
722	       46208	        29	   16
723	       46272	        28	   16
724	       46336	        28	   16
725	       46400	        29	   16
726	       46464	        28	   16
727	       46528	        29	   16
728	       46592	        28	   16
729	       46656	        29	   16
730	       46720	        28	   16
731	       46784	        28	   16
732	       46848	        29	   16
733	       46912	        28	   16
734	       46976	        28	   16
735	       47040	        29	   16
736	       47104	        28	   16
737	       47168	        28	   16
738	       47232	        28	   16
739	       47296	        28	   16
740	       47360	        28	   16
741	       47424	        29	   16
742	       47488	        29	   16
743	       47552	        28	   16
744	       47616	        28	   16
745	       47680	        28	   16
746	       47744	        29	   16
747	       47808	        29	   16
748	       47872	        28	   16
749	       47936	        28	   16
750	       48000	        28	   16
751	       48064	        28	   16
752	       48128	        28	   16
753	       48192	        29	   16
754	       48256	        29	   16
755	       48320	        28	   16
756	       48384	        29	   16
757	       48448	        29	   16
758	       48512	        29	   16
759	       48576	        29	   16
760	       48640	        28	   16
761	       48704	        28	   16
762	       48768	        29	   16
763	       48832	        29	   16
764	       48896	        28	   16
765	       48960	        29	   16
766	       49024	        29	   16
767	       49088	        28	   16
768	       49152	        29	   16
769	       49216	        29	   16
770	       49280	        28	   16
771	       49344	        28	   16
772	       49408	        28	   16
773	       49472	        28	   16
774	       49536	        28	   16
775	       49600	        28	   16
776	       49664	        29	   16
777	       49728	        29	   16
778	       49792	        28	   16
779	       49856	        28	   16
780	       49920	        29	   16
781	       49984	        29	   16
782	       50048	        29	   16
783	       50112	        28	   16
784	       50176	        28	   16
785	       50240	        29	   16
786	       50304	        29	   16
787	       50368	        29	   16
788	       50432	        28	   16
789	       50496	        28	   16
790	       50560	        29	   16
791	       50624	        29	   16
792	       50688	        28	   16
793	       50752	        29	   16
794	       50816	        28	   16
795	       50880	        28	   16
796	       50944	        28	   16
797	       51008	        28	   16
798	       51072	        28	   16
799	       51136	        28	   16
800	       51200	        28	   16
801	       51264	        28	   16
802	       51328	        29	   16
803	       51392	        29	   16
804	       51456	        28	   16
805	       51520	        28	   16
806	       51584	        28	   16
807	       51648	        29	   16
808	       51712	        28	   16
809	       51776	        28	   16
810	       51840	        28	   16
811	       51904	        28	   16
812	       51968	        28	   16
813	       52032	        28	   16
814	       52096	        28	   16
815	       52160	        28	   16
816	       52224	        28	   16
817	       52288	        28	   16
818	       52352	        28	   16
819	       52416	        29	   16
820	       52480	        28	   16
821	       52544	        29	   16
822	       52608	        28	   16
823	       52672	        28	   16
824	       52736	        29	   16
825	       52800	        29	   16
826	       52864	        28	   16
827	       52928	        28	   16
828	       52992	        29	   16
829	       53056	        28	   16
830	       53120	        28	   16
831	       53184	        28	   16
832	       53248	        29	   16
833	       53312	        29	   16
834	       53376	        28	   16
835	       53440	        28	   16
836	       53504	        28	   16
837	       53568	        28	   16
838	       53632	        28	   16
839	       53696	        28	   16
840	       53760	        28	   16
841	       53824	        29	   16
842	       53888	        29	   16
843	       53952	        29	   16
844	       54016	        29	   16
845	       54080	        29	   16
846	       54144	        29	   16
847	       54208	        29	   16
848	       54272	        29	   16
849	       54336	        29	   16
850	       54400	        28	   16
851	       54464	        28	   16
852	       54528	        29	   16
853	       54592	        29	   16
854	       54656	        28	   16
855	       54720	        28	   16
856	       54784	        29	   16
857	       54848	        29	   16
858	       54912	        29	   16
859	       54976	        28	   16
860	       55040	        28	   16
861	       55104	        29	   16
862	       55168	        29	   16
863	       55232	        29	   16
864	       55296	        29	   16
865	       55360	        28	   16
866	       55424	        28	   16
867	       55488	        29	   16
868	       55552	        29	   16
869	       55616	        28	   16
870	       55680	        28	   16
871	       55744	        28	   16
872	       55808	        28	   16
873	       55872	        29	   16
874	       55936	        28	   16
875	       56000	        29	   16
876	       56064	        28	   16
877	       56128	        29	   16
878	       56192	        29	   16
879	       56256	        29	   16
880	       56320	        29	   16
881	       56384	        28	   16
882	       56448	        29	   16
883	       56512	        45	   16
884	       56576	        30	   16
885	       56640	        30	   16
886	       56704	        29	   16
887	       56768	        29	   16
888	       56832	        29	   16
889	       56896	        52	   16
890	       56960	        29	   16
891	       57024	        29	   16
892	       57088	        29	   16
893	       57152	        29	   16
894	       57216	        29	   16
895	       57280	        29	   16
896	       57344	        31	   16
897	       57408	        29	   16
898	       57472	        29	   16
899	       57536	        29	   16
900	       57600	        29	   16
901	       57664	        29	   16
902	       57728	        29	   16
903	       57792	        29	   16
904	       57856	        29	   16
905	       57920	        29	   16
906	       57984	        28	   16
907	       58048	        29	   16
908	       58112	        29	   16
909	       58176	        29	   16
910	       58240	        29	   16
911	       58304	        29	   16
912	       58368	        29	   16
913	       58432	        29	   16
914	       58496	        28	   16
915	       58560	        28	   16
916	       58624	        29	   16
917	       58688	        28	   16
918	       58752	        28	   16
919	       58816	        29	   16
920	       58880	        28	   16
921	       58944	        29	   16
922	       59008	        29	   16
923	       59072	        28	   16
924	       59136	        28	   16
925	       59200	        29	   16
926	       59264	        29	   16
927	       59328	        29	   16
928	       59392	        29	   16
929	       59456	        28	   16
930	       59520	        29	   16
931	       59584	        28	   16
932	       59648	        29	   16
933	       59712	        28	   16
934	       59776	        29	   16
935	       59840	        29	   16
936	       59904	        29	   16
937	       59968	        28	   16
938	       60032	        28	   16
939	       60096	        29	   16
940	       60160	        29	   16
941	       60224	        29	   16
942	       60288	        28	   16
943	       60352	        29	   16
944	       60416	        28	   16
945	       60480	        29	   16
946	       60544	        28	   16
947	       60608	        29	   16
948	       60672	        28	   16
949	       60736	        28	   16
950	       60800	        29	   16
951	       60864	        28	   16
952	       60928	        28	   16
953	       60992	        29	   16
954	       61056	        29	   16
955	       61120	        29	   16
956	       61184	        28	   16
957	       61248	        28	   16
958	       61312	        29	   16
959	       61376	        28	   16
960	       61440	        28	   16
961	       61504	        29	   16
962	       61568	        28	   16
963	       61632	        29	   16
964	       61696	        29	   16
965	       61760	        28	   16
966	       61824	        29	   16
967	       61888	        29	   16
968	       61952	        29	   16
969	       62016	        29	   16
970	       62080	        30	   16
971	       62144	        28	   16
972	       62208	        29	   16
973	       62272	        29	   16
974	       62336	        29	   16
975	       62400	        29	   16
976	       62464	        29	   16
977	       62528	        30	   16
978	       62592	        30	   16
979	       62656	        29	   16
980	       62720	        29	   16
981	       62784	        30	   16
982	       62848	        29	   16
983	       62912	        29	   16
984	       62976	        29	   16
985	       63040	        30	   16
986	       63104	        29	   16
987	       63168	        29	   16
988	       63232	        29	   16
989	       63296	        29	   16
990	       63360	        28	   16
991	       63424	        29	   16
992	       63488	        30	   16
993	       63552	        29	   16
994	       63616	        28	   16
995	       63680	        29	   16
996	       63744	        29	   16
997	       63808	        29	   16
998	       63872	        29	   16
999	       63936	        28	   16
1000	       64000	        29	   16
1001	       64064	        29	   16
1002	       64128	        29	   16
1003	       64192	        29	   16
1004	       64256	        28	   16
1005	       64320	        29	   16
1006	       64384	        28	   16
1007	       64448	        29	   16
1008	       64512	        29	   16
1009	       64576	        29	   16
1010	       64640	        29	   16
1011	       64704	        29	   16
1012	       64768	        29	   16
1013	       64832	        29	   16
1014	       64896	        29	   16
1015	       64960	        29	   16
1016	       65024	        29	   16
1017	       65088	        29	   16
1018	       65152	        29	   16
1019	       65216	        29	   16
1020	       65280	        29	   16
1021	       65344	        29	   16
1022	       65408	        29	   16
1023	       65472	        29	   16
1024	       65536	        29	   16
1025	       65600	        29	   16
1026	       65664	        29	   16
1027	       65728	        28	   16
1028	       65792	        29	   16
1029	       65856	        29	   16
1030	       65920	        28	   16
1031	       65984	        29	   16
1032	       66048	        29	   16
1033	       66112	        29	   16
1034	       66176	        29	   16
1035	       66240	        29	   16
1036	       66304	        29	   16
1037	       66368	        28	   16
1038	       66432	        29	   16
1039	       66496	        29	   16
1040	       66560	        29	   16
1041	       66624	        28	   16
1042	       66688	        29	   16
1043	       66752	        29	   16
1044	       66816	        29	   16
1045	       66880	        30	   16
1046	       66944	        28	   16
1047	       67008	        28	   16
1048	       67072	        29	   16
1049	       67136	        29	   16
1050	       67200	        29	   16
1051	       67264	        29	   16
1052	       67328	        28	   16
1053	       67392	        29	   16
1054	       67456	        29	   16
1055	       67520	        29	   16
1056	       67584	        29	   16
1057	       67648	        29	   16
1058	       67712	        28	   16
1059	       67776	        29	   16
1060	       67840	        28	   16
1061	       67904	        29	   16
1062	       67968	        29	   16
1063	       68032	        28	   16
1064	       68096	        29	   16
1065	       68160	        29	   16
1066	       68224	        29	   16
1067	       68288	        28	   16
1068	       68352	        29	   16
1069	       68416	        29	   16
1070	       68480	        29	   16
1071	       68544	        29	   16
1072	       68608	        28	   16
1073	       68672	        29	   16
1074	       68736	        28	   16
1075	       68800	        29	   16
1076	       68864	        28	   16
1077	       68928	        28	   16
1078	       68992	        29	   16
1079	       69056	        29	   16
1080	       69120	        29	   16
1081	       69184	        28	   16
1082	       69248	        28	   16
1083	       69312	        29	   16
1084	       69376	        29	   16
1085	       69440	        29	   16
1086	       69504	        29	   16
1087	       69568	        29	   16
1088	       69632	        29	   16
1089	       69696	        29	   16
1090	       69760	        29	   16
1091	       69824	        29	   16
1092	       69888	        29	   16
1093	       69952	        29	   16
1094	       70016	        29	   16
1095	       70080	        28	   16
1096	       70144	        29	   16
1097	       70208	        29	   16
1098	       70272	        29	   16
1099	       70336	        28	   16
1100	       70400	        29	   16
1101	       70464	        28	   16
1102	       70528	        28	   16
1103	       70592	        29	   16
1104	       70656	        28	   16
1105	       70720	        29	   16
1106	       70784	        29	   16
1107	       70848	        29	   16
1108	       70912	        29	   16
1109	       70976	        29	   16
1110	       71040	        29	   16
1111	       71104	        28	   16
1112	       71168	        28	   16
1113	       71232	        28	   16
1114	       71296	        28	   16
1115	       71360	        28	   16
1116	       71424	        28	   16
1117	       71488	        29	   16
1118	       71552	        29	   16
1119	       71616	        29	   16
1120	       71680	        29	   16
1121	       71744	        29	   16
1122	       71808	        29	   16
1123	       71872	        28	   16
1124	       71936	        29	   16
1125	       72000	        29	   16
1126	       72064	        29	   16
1127	       72128	        28	   16
1128	       72192	        28	   16
1129	       72256	        28	   16
1130	       72320	        29	   16
1131	       72384	        28	   16
1132	       72448	        29	   16
1133	       72512	        29	   16
1134	       72576	        29	   16
1135	       72640	        29	   16
1136	       72704	        29	   16
1137	       72768	        29	   16
1138	       72832	        29	   16
1139	       72896	        29	   16
1140	       72960	        28	   16
1141	       73024	        28	   16
1142	       73088	        29	   16
1143	       73152	        29	   16
1144	       73216	        28	   16
1145	       73280	        28	   16
1146	       73344	        29	   16
1147	       73408	        29	   16
1148	       73472	        29	   16
1149	       73536	        28	   16
1150	       73600	        28	   16
1151	       73664	        28	   16
1152	       73728	        28	   16
1153	       73792	        29	   16
1154	       73856	        28	   16
1155	       73920	        29	   16
1156	       73984	        29	   16
1157	       74048	        29	   16
1158	       74112	        29	   16
1159	       74176	        28	   16
1160	       74240	        29	   16
1161	       74304	        29	   16
1162	       74368	        29	   16
1163	       74432	        29	   16
1164	       74496	        28	   16
1165	       74560	        28	   16
1166	       74624	        29	   16
1167	       74688	        29	   16
1168	       74752	        29	   16
1169	       74816	        29	   16
1170	       74880	        29	   16
1171	       74944	        29	   16
1172	       75008	        30	   16
1173	       75072	        28	   16
1174	       75136	        29	   16
1175	       75200	        29	   16
1176	       75264	        29	   16
1177	       75328	        29	   16
1178	       75392	        28	   16
1179	       75456	        28	   16
1180	       75520	        28	   16
1181	       75584	        29	   16
1182	       75648	        28	   16
1183	       75712	        29	   16
1184	       75776	        29	   16
1185	       75840	        28	   16
1186	       75904	        28	   16
1187	       75968	        29	   16
1188	       76032	        29	   16
1189	       76096	        28	   16
1190	       76160	        29	   16
1191	       76224	        29	   16
1192	       76288	        28	   16
1193	       76352	        28	   16
1194	       76416	        29	   16
1195	       76480	        29	   16
1196	       76544	        29	   16
1197	       76608	        29	   16
1198	       76672	        29	   16
1199	       76736	        29	   16
1200	       76800	        29	   16
1201	       76864	        29	   16
1202	       76928	        29	   16
1203	       76992	        28	   16
1204	       77056	        29	   16
1205	       77120	        29	   16
1206	       77184	        29	   16
1207	       77248	        29	   16
1208	       77312	        29	   16
1209	       77376	        28	   16
1210	       77440	        29	   16
1211	       77504	        28	   16
1212	       77568	        29	   16
1213	       77632	        29	   16
1214	       77696	        29	   16
1215	       77760	        29	   16
1216	       77824	        28	   16
1217	       77888	        29	   16
1218	       77952	        29	   16
1219	       78016	        28	   16
1220	       78080	        28	   16
1221	       78144	        29	   16
1222	       78208	        29	   16
1223	       78272	        29	   16
1224	       78336	        29	   16
1225	       78400	        29	   16
1226	       78464	        29	   16
1227	       78528	        29	   16
1228	       78592	        29	   16
1229	       78656	        29	   16
1230	       78720	        29	   16
1231	       78784	        28	   16
1232	       78848	        29	   16
1233	       78912	        29	   16
1234	       78976	        28	   16
1235	       79040	        28	   16
1236	       79104	        29	   16
1237	       79168	        29	   16
1238	       79232	        29	   16
1239	       79296	        28	   16
1240	       79360	        29	   16
1241	       79424	        28	   16
1242	       79488	        28	   16
1243	       79552	        29	   16
1244	       79616	        28	   16
1245	       79680	        29	   16
1246	       79744	        29	   16
1247	       79808	        28	   16
1248	       79872	        29	   16
1249	       79936	        29	   16
1250	       80000	        29	   16
1251	       80064	        29	   16
1252	       80128	        29	   16
1253	       80192	        29	   16
1254	       80256	        29	   16
1255	       80320	        28	   16
1256	       80384	        29	   16
1257	       80448	        29	   16
1258	       80512	        28	   16
1259	       80576	        29	   16
1260	       80640	        29	   16
1261	       80704	        29	   16
1262	       80768	        29	   16
1263	       80832	        29	   16
1264	       80896	        28	   16
1265	       80960	        29	   16
1266	       81024	        28	   16
1267	       81088	        29	   16
1268	       81152	        29	   16
1269	       81216	        29	   16
1270	       81280	        29	   16
1271	       81344	        28	   16
1272	       81408	        29	   16
1273	       81472	        29	   16
1274	       81536	        29	   16
1275	       81600	        28	   16
1276	       81664	        28	   16
1277	       81728	        28	   16
1278	       81792	        28	   16
1279	       81856	        29	   16
1280	       81920	        29	   16
1281	       81984	        29	   16
1282	       82048	        29	   16
1283	       82112	        28	   16
1284	       82176	        28	   16
1285	       82240	        29	   16
1286	       82304	        29	   16
1287	       82368	        29	   16
1288	       82432	        29	   16
1289	       82496	        29	   16
1290	       82560	        29	   16
1291	       82624	        29	   16
1292	       82688	        28	   16
1293	       82752	        29	   16
1294	       82816	        29	   16
1295	       82880	        28	   16
1296	       82944	        28	   16
1297	       83008	        28	   16
1298	       83072	        29	   16
1299	       83136	        29	   16
1300	       83200	        28	   16
1301	       83264	        29	   16
1302	       83328	        28	   16
1303	       83392	        28	   16
1304	       83456	        28	   16
1305	       83520	        29	   16
1306	       83584	        28	   16
1307	       83648	        29	   16
1308	       83712	        29	   16
1309	       83776	        29	   16
1310	       83840	        28	   16
1311	       83904	        29	   16
1312	       83968	        29	   16
1313	       84032	        28	   16
1314	       84096	        29	   16
1315	       84160	        29	   16
1316	       84224	        29	   16
1317	       84288	        28	   16
1318	       84352	        29	   16
1319	       84416	        29	   16
1320	       84480	        29	   16
1321	       84544	        28	   16
1322	       84608	        29	   16
1323	       84672	        29	   16
1324	       84736	        28	   16
1325	       84800	        29	   16
1326	       84864	        29	   16
1327	       84928	        28	   16
1328	       84992	        28	   16
1329	       85056	        28	   16
1330	       85120	        28	   16
1331	       85184	        29	   16
1332	       85248	        29	   16
1333	       85312	        29	   16
1334	       85376	        28	   16
1335	       85440	        29	   16
1336	       85504	        29	   16
1337	       85568	        29	   16
1338	       85632	        28	   16
1339	       85696	        28	   16
1340	       85760	        29	   16
1341	       85824	        28	   16
1342	       85888	        29	   16
1343	       85952	        29	   16
1344	       86016	        28	   16
1345	       86080	        29	   16
1346	       86144	        29	   16
1347	       86208	        29	   16
1348	       86272	        28	   16
1349	       86336	        29	   16
1350	       86400	        29	   16
1351	       86464	        28	   16
1352	       86528	        28	   16
1353	       86592	        29	   16
1354	       86656	        29	   16
1355	       86720	        28	   16
1356	       86784	        28	   16
1357	       86848	        28	   16
1358	       86912	        28	   16
1359	       86976	        28	   16
1360	       87040	        29	   16
1361	       87104	        28	   16
1362	       87168	        29	   16
1363	       87232	        29	   16
1364	       87296	        29	   16
1365	       87360	        29	   16
1366	       87424	        28	   16
1367	       87488	        28	   16
1368	       87552	        29	   16
1369	       87616	        29	   16
1370	       87680	        29	   16
1371	       87744	        28	   16
1372	       87808	        28	   16
1373	       87872	        28	   16
1374	       87936	        28	   16
1375	       88000	        29	   16
1376	       88064	        29	   16
1377	       88128	        29	   16
1378	       88192	        28	   16
1379	       88256	        29	   16
1380	       88320	        29	   16
1381	       88384	        28	   16
1382	       88448	        28	   16
1383	       88512	        28	   16
1384	       88576	        28	   16
1385	       88640	        29	   16
1386	       88704	        29	   16
1387	       88768	        28	   16
1388	       88832	        28	   16
1389	       88896	        29	   16
1390	       88960	        28	   16
1391	       89024	        29	   16
1392	       89088	        29	   16
1393	       89152	        28	   16
1394	       89216	        28	   16
1395	       89280	        28	   16
1396	       89344	        29	   16
1397	       89408	        29	   16
1398	       89472	        29	   16
1399	       89536	        29	   16
1400	       89600	        28	   16
1401	       89664	        29	   16
1402	       89728	        28	   16
1403	       89792	        28	   16
1404	       89856	        29	   16
1405	       89920	        28	   16
1406	       89984	        28	   16
1407	       90048	        29	   16
1408	       90112	        28	   16
1409	       90176	        29	   16
1410	       90240	        28	   16
1411	       90304	        29	   16
1412	       90368	        29	   16
1413	       90432	        28	   16
1414	       90496	        29	   16
1415	       90560	        28	   16
1416	       90624	        28	   16
1417	       90688	        29	   16
1418	       90752	        29	   16
1419	       90816	        28	   16
1420	       90880	        29	   16
1421	       90944	        29	   16
1422	       91008	        28	   16
1423	       91072	        28	   16
1424	       91136	        29	   16
1425	       91200	        29	   16
1426	       91264	        29	   16
1427	       91328	        28	   16
1428	       91392	        28	   16
1429	       91456	        28	   16
1430	       91520	        29	   16
1431	       91584	        29	   16
1432	       91648	        28	   16
1433	       91712	        28	   16
1434	       91776	        29	   16
1435	       91840	        28	   16
1436	       91904	        29	   16
1437	       91968	        28	   16
1438	       92032	        28	   16
1439	       92096	        29	   16
1440	       92160	        28	   16
1441	       92224	        29	   16
1442	       92288	        28	   16
1443	       92352	        29	   16
1444	       92416	        29	   16
1445	       92480	        28	   16
1446	       92544	        29	   16
1447	       92608	        29	   16
1448	       92672	        29	   16
1449	       92736	        29	   16
1450	       92800	        28	   16
1451	       92864	        28	   16
1452	       92928	        28	   16
1453	       92992	        29	   16
1454	       93056	        28	   16
1455	       93120	        28	   16
1456	       93184	        28	   16
1457	       93248	        29	   16
1458	       93312	        28	   16
1459	       93376	        28	   16
1460	       93440	        28	   16
1461	       93504	        28	   16
1462	       93568	        28	   16
1463	       93632	        29	   16
1464	       93696	        29	   16
1465	       93760	        29	   16
1466	       93824	        29	   16
1467	       93888	        29	   16
1468	       93952	        29	   16
1469	       94016	        29	   16
1470	       94080	        28	   16
1471	       94144	        29	   16
1472	       94208	        29	   16
1473	       94272	        28	   16
1474	       94336	        29	   16
1475	       94400	        29	   16
1476	       94464	        28	   16
1477	       94528	        29	   16
1478	       94592	        29	   16
1479	       94656	        28	   16
1480	       94720	        28	   16
1481	       94784	        28	   16
1482	       94848	        29	   16
1483	       94912	        29	   16
1484	       94976	        29	   16
1485	       95040	        29	   16
1486	       95104	        29	   16
1487	       95168	        29	   16
1488	       95232	        29	   16
1489	       95296	        29	   16
1490	       95360	        28	   16
1491	       95424	        28	   16
1492	       95488	        29	   16
1493	       95552	        29	   16
1494	       95616	        29	   16
1495	       95680	        29	   16
1496	       95744	        29	   16
1497	       95808	        29	   16
1498	       95872	        29	   16
1499	       95936	        29	   16
1500	       96000	        29	   16
1501	       96064	        28	   16
1502	       96128	        28	   16
1503	       96192	        29	   16
1504	       96256	        29	   16
1505	       96320	        28	   16
1506	       96384	        28	   16
1507	       96448	        29	   16
1508	       96512	        28	   16
1509	       96576	        29	   16
1510	       96640	        28	   16
1511	       96704	        28	   16
1512	       96768	        28	   16
1513	       96832	        29	   16
1514	       96896	        29	   16
1515	       96960	        29	   16
1516	       97024	        28	   16
1517	       97088	        29	   16
1518	       97152	        28	   16
1519	       97216	        28	   16
1520	       97280	        29	   16
1521	       97344	        29	   16
1522	       97408	        28	   16
1523	       97472	        29	   16
1524	       97536	        29	   16
1525	       97600	        29	   16
1526	       97664	        29	   16
1527	       97728	        28	   16
1528	       97792	        28	   16
1529	       97856	        29	   16
1530	       97920	        29	   16
1531	       97984	        28	   16
1532	       98048	        29	   16
1533	       98112	        29	   16
1534	       98176	        28	   16
1535	       98240	        28	   16
1536	       98304	        28	   16
1537	       98368	        28	   16
1538	       98432	        29	   16
1539	       98496	        29	   16
1540	       98560	        29	   16
1541	       98624	        29	   16
1542	       98688	        29	   16
1543	       98752	        28	   16
1544	       98816	        28	   16
1545	       98880	        29	   16
1546	       98944	        29	   16
1547	       99008	        29	   16
1548	       99072	        29	   16
1549	       99136	        28	   16
1550	       99200	        28	   16
1551	       99264	        28	   16
1552	       99328	        28	   16
1553	       99392	        29	   16
1554	       99456	        28	   16
1555	       99520	        28	   16
1556	       99584	        29	   16
1557	       99648	        29	   16
1558	       99712	        28	   16
1559	       99776	        28	   16
1560	       99840	        28	   16
1561	       99904	        28	   16
1562	       99968	        28	   16
1563	      100032	        29	   16
1564	      100096	        29	   16
1565	      100160	        28	   16
1566	      100224	        28	   16
1567	      100288	        28	   16
1568	      100352	        28	   16
1569	      100416	        28	   16
1570	      100480	        29	   16
1571	      100544	        28	   16
1572	      100608	        28	   16
1573	      100672	        28	   16
1574	      100736	        28	   16
1575	      100800	        29	   16
1576	      100864	        29	   16
1577	      100928	        29	   16
1578	      100992	        28	   16
1579	      101056	        28	   16
1580	      101120	        28	   16
1581	      101184	        28	   16
1582	      101248	        29	   16
1583	      101312	        28	   16
1584	      101376	        28	   16
1585	      101440	        29	   16
1586	      101504	        28	   16
1587	      101568	        28	   16
1588	      101632	        28	   16
1589	      101696	        28	   16
1590	      101760	        28	   16
1591	      101824	        28	   16
1592	      101888	        29	   16
1593	      101952	        28	   16
1594	      102016	        29	   16
1595	      102080	        29	   16
1596	      102144	        29	   16
1597	      102208	        29	   16
1598	      102272	        28	   16
1599	      102336	        29	   16
1600	      102400	        28	   15
1601	      102464	        28	   15
1602	      102528	        28	   15
1603	      102592	        28	   15
1604	      102656	        28	   15
1605	      102720	        28	   15
1606	      102784	        28	   15
1607	      102848	        28	   15
1608	      102912	        28	   15
1609	      102976	        28	   15
1610	      103040	        28	   15
1611	      103104	        29	   15
1612	      103168	        28	   15
1613	      103232	        28	   15
1614	      103296	        28	   15
1615	      103360	        28	   15
1616	      103424	        28	   15
1617	      103488	        29	   15
1618	      103552	        29	   15
1619	      103616	        29	   15
1620	      103680	        28	   15
1621	      103744	        29	   15
1622	      103808	        29	   15
1623	      103872	        28	   15
1624	      103936	        29	   15
1625	      104000	        29	   15
1626	      104064	        29	   15
1627	      104128	        28	   15
1628	      104192	        29	   15
1629	      104256	        28	   15
1630	      104320	        28	   15
1631	      104384	        29	   15
1632	      104448	        28	   15
1633	      104512	        28	   15
1634	      104576	        28	   15
1635	      104640	        29	   15
1636	      104704	        28	   15
1637	      104768	        28	   15
1638	      104832	        28	   15
1639	      104896	        28	   15
1640	      104960	        29	   15
1641	      105024	        28	   15
1642	      105088	        28	   15
1643	      105152	        28	   15
1644	      105216	        29	   15
1645	      105280	        29	   15
1646	      105344	        28	   15
1647	      105408	        29	   15
1648	      105472	        28	   15
1649	      105536	        29	   15
1650	      105600	        29	   15
1651	      105664	        28	   15
1652	      105728	        28	   15
1653	      105792	        28	   15
1654	      105856	        29	   15
1655	      105920	        29	   15
1656	      105984	        28	   15
1657	      106048	        29	   15
1658	      106112	        28	   15
1659	      106176	        28	   15
1660	      106240	        28	   15
1661	      106304	        28	   15
1662	      106368	        28	   15
1663	      106432	        28	   15
1664	      106496	        28	   15
1665	      106560	        28	   15
1666	      106624	        28	   15
1667	      106688	        28	   15
1668	      106752	        28	   15
1669	      106816	        28	   15
1670	      106880	        28	   15
1671	      106944	        28	   15
1672	      107008	        28	   15
1673	      107072	        28	   15
1674	      107136	        28	   15
1675	      107200	        28	   15
1676	      107264	        28	   15
1677	      107328	        29	   15
1678	      107392	        29	   15
1679	      107456	        28	   15
1680	      107520	        29	   15
1681	      107584	        29	   15
1682	      107648	        29	   15
1683	      107712	        28	   15
1684	      107776	        28	   15
1685	      107840	        29	   15
1686	      107904	        28	   15
1687	      107968	        28	   15
1688	      108032	        29	   15
1689	      108096	        28	   15
1690	      108160	        28	   15
1691	      108224	        28	   15
1692	      108288	        28	   15
1693	      108352	        28	   15
1694	      108416	        28	   15
1695	      108480	        28	   15
1696	      108544	        28	   15
1697	      108608	        28	   15
1698	      108672	        28	   15
1699	      108736	        28	   15
1700	      108800	        28	   15
1701	      108864	        28	   15
1702	      108928	        29	   15
1703	      108992	        28	   15
1704	      109056	        28	   15
1705	      109120	        28	   15
1706	      109184	        29	   15
1707	      109248	        28	   15
1708	      109312	        28	   15
1709	      109376	        28	   15
1710	      109440	        28	   15
1711	      109504	        29	   15
1712	      109568	        28	   15
1713	      109632	        29	   15
1714	      109696	        28	   15
1715	      109760	        28	   15
1716	      109824	        28	   15
1717	      109888	        28	   15
1718	      109952	        28	   15
1719	      110016	        28	   15
1720	      110080	        28	   15
1721	      110144	        28	   15
1722	      110208	        29	   15
1723	      110272	        28	   15
1724	      110336	        28	   15
1725	      110400	        28	   15
1726	      110464	        28	   15
1727	      110528	        29	   15
1728	      110592	        28	   15
1729	      110656	        29	   15
1730	      110720	        29	   15
1731	      110784	        28	   15
1732	      110848	        28	   15
1733	      110912	        29	   15
1734	      110976	        28	   15
1735	      111040	        28	   15
1736	      111104	        28	   15
1737	      111168	        28	   15
1738	      111232	        28	   15
1739	      111296	        28	   15
1740	      111360	        28	   15
1741	      111424	        28	   15
1742	      111488	        28	   15
1743	      111552	        29	   15
1744	      111616	        28	   15
1745	      111680	        28	   15
1746	      111744	        28	   15
1747	      111808	        28	   15
1748	      111872	        29	   15
1749	      111936	        28	   15
1750	      112000	        29	   15
1751	      112064	        28	   15
1752	      112128	        28	   15
1753	      112192	        29	   15
1754	      112256	        28	   15
1755	      112320	        28	   15
1756	      112384	        29	   15
1757	      112448	        28	   15
1758	      112512	        28	   15
1759	      112576	        28	   15
1760	      112640	        28	   15
1761	      112704	        28	   15
1762	      112768	        28	   15
1763	      112832	        28	   15
1764	      112896	        28	   15
1765	      112960	        29	   15
1766	      113024	        28	   15
1767	      113088	        29	   15
1768	      113152	        29	   15
1769	      113216	        28	   15
1770	      113280	        28	   15
1771	      113344	        28	   15
1772	      113408	        28	   15
1773	      113472	        29	   15
1774	      113536	        28	   15
1775	      113600	        28	   15
1776	      113664	        28	   15
1777	      113728	        28	   15
1778	      113792	        28	   15
1779	      113856	        28	   15
1780	      113920	        28	   15
1781	      113984	        28	   15
1782	      114048	        28	   15
1783	      114112	        28	   15
1784	      114176	        28	   15
1785	      114240	        28	   15
1786	      114304	        28	   15
1787	      114368	        28	   15
1788	      114432	        28	   15
1789	      114496	        28	   15
1790	      114560	        28	   15
1791	      114624	        28	   15
1792	      114688	        28	   15
1793	      114752	        28	   15
1794	      114816	        29	   15
1795	      114880	        28	   15
1796	      114944	        29	   15
1797	      115008	        28	   15
1798	      115072	        28	   15
1799	      115136	        28	   15
1800	      115200	        28	   15
1801	      115264	        28	   15
1802	      115328	        28	   15
1803	      115392	        28	   15
1804	      115456	        29	   15
1805	      115520	        28	   15
1806	      115584	        28	   15
1807	      115648	        28	   15
1808	      115712	        28	   15
1809	      115776	        28	   15
1810	      115840	        28	   15
1811	      115904	        28	   15
1812	      115968	        28	   15
1813	      116032	        28	   15
1814	      116096	        28	   15
1815	      116160	        28	   15
1816	      116224	        29	   15
1817	      116288	        28	   15
1818	      116352	        29	   15
1819	      116416	        28	   15
1820	      116480	        29	   15
1821	      116544	        28	   15
1822	      116608	        28	   15
1823	      116672	        28	   15
1824	      116736	        29	   15
1825	      116800	        28	   15
1826	      116864	        29	   15
1827	      116928	        29	   15
1828	      116992	        29	   15
1829	      117056	        29	   15
1830	      117120	        28	   15
1831	      117184	        28	   15
1832	      117248	        29	   15
1833	      117312	        29	   15
1834	      117376	        28	   15
1835	      117440	        28	   15
1836	      117504	        29	   15
1837	      117568	        28	   15
1838	      117632	        29	   15
1839	      117696	        29	   15
1840	      117760	        28	   15
1841	      117824	        29	   15
1842	      117888	        28	   15
1843	      117952	        28	   15
1844	      118016	        28	   15
1845	      118080	        28	   15
1846	      118144	        29	   15
1847	      118208	        28	   15
1848	      118272	        29	   15
1849	      118336	        28	   15
1850	      118400	        28	   15
1851	      118464	        28	   15
1852	      118528	        28	   15
1853	      118592	        28	   15
1854	      118656	        28	   15
1855	      118720	        29	   15
1856	      118784	        29	   15
1857	      118848	        28	   15
1858	      118912	        28	   15
1859	      118976	        29	   15
1860	      119040	        28	   15
1861	      119104	        28	   15
1862	      119168	        29	   15
1863	      119232	        29	   15
1864	      119296	        29	   15
1865	      119360	        28	   15
1866	      119424	        28	   15
1867	      119488	        29	   15
1868	      119552	        28	   15
1869	      119616	        28	   15
1870	      119680	        28	   15
1871	      119744	        29	   15
1872	      119808	        29	   15
1873	      119872	        28	   15
1874	      119936	        29	   15
1875	      120000	        28	   15
1876	      120064	        28	   15
1877	      120128	        28	   15
1878	      120192	        29	   15
1879	      120256	        28	   15
1880	      120320	        29	   15
1881	      120384	        28	   15
1882	      120448	        28	   15
1883	      120512	        28	   15
1884	      120576	        28	   15
1885	      120640	        28	   15
1886	      120704	        29	   15
1887	      120768	        29	   15
1888	      120832	        29	   15
1889	      120896	        28	   15
1890	      120960	        28	   15
1891	      121024	        28	   15
1892	      121088	        29	   15
1893	      121152	        28	   15
1894	      121216	        29	   15
1895	      121280	        28	   15
1896	      121344	        28	   15
1897	      121408	        28	   15
1898	      121472	        29	   15
1899	      121536	        28	   15
1900	      121600	        28	   15
1901	      121664	        28	   15
1902	      121728	        28	   15
1903	      121792	        29	   15
1904	      121856	        28	   15
1905	      121920	        28	   15
1906	      121984	        28	   15
1907	      122048	        28	   15
1908	      122112	        28	   15
1909	      122176	        28	   15
1910	      122240	        28	   15
1911	      122304	        28	   15
1912	      122368	        28	   15
1913	      122432	        28	   15
1914	      122496	        28	   15
1915	      122560	        29	   15
1916	      122624	        28	   15
1917	      122688	        28	   15
1918	      122752	        28	   15
1919	      122816	        28	   15
1920	      122880	        28	   15
1921	      122944	        29	   15
1922	      123008	        28	   15
1923	      123072	        27	   15
1924	      123136	        28	   15
1925	      123200	        28	   15
1926	      123264	        29	   15
1927	      123328	        28	   15
1928	      123392	        28	   15
1929	      123456	        28	   15
1930	      123520	        28	   15
1931	      123584	        29	   15
1932	      123648	        28	   15
1933	      123712	        28	   15
1934	      123776	        28	   15
1935	      123840	        28	   15
1936	      123904	        28	   15
1937	      123968	        28	   15
1938	      124032	        28	   15
1939	      124096	        28	   15
1940	      124160	        29	   15
1941	      124224	        28	   15
1942	      124288	        29	   15
1943	      124352	        28	   15
1944	      124416	        28	   15
1945	      124480	        28	   15
1946	      124544	        28	   15
1947	      124608	        28	   15
1948	      124672	        29	   15
1949	      124736	        28	   15
1950	      124800	        28	   15
1951	      124864	        28	   15
1952	      124928	        28	   15
1953	      124992	        28	   15
1954	      125056	        28	   15
1955	      125120	        28	   15
1956	      125184	        28	   15
1957	      125248	        28	   15
1958	      125312	        28	   15
1959	      125376	        28	   15
1960	      125440	        28	   15
1961	      125504	        29	   15
1962	      125568	        28	   15
1963	      125632	        29	   15
1964	      125696	        28	   15
1965	      125760	        28	   15
1966	      125824	        28	   15
1967	      125888	        28	   15
1968	      125952	        29	   15
1969	      126016	        28	   15
1970	      126080	        28	   15
1971	      126144	        28	   15
1972	      126208	        29	   15
1973	      126272	        29	   15
1974	      126336	        28	   15
1975	      126400	        28	   15
1976	      126464	        28	   15
1977	      126528	        28	   15
1978	      126592	        28	   15
1979	      126656	        28	   15
1980	      126720	        28	   15
1981	      126784	        28	   15
1982	      126848	        28	   15
1983	      126912	        28	   15
1984	      126976	        28	   15
1985	      127040	        44	   15
1986	      127104	        29	   15
1987	      127168	       138	   15
1988	      127232	        28	   15
1989	      127296	        28	   15
1990	      127360	        29	   15
1991	      127424	        44	   15
1992	      127488	        28	   15
1993	      127552	        59	   15
1994	      127616	        29	   15
1995	      127680	        60	   15
1996	      127744	        28	   15
1997	      127808	        28	   15
1998	      127872	        28	   15
1999	      127936	        58	   15
2000	      128000	        28	   15
2001	      128064	        28	   15
2002	      128128	        29	   15
2003	      128192	        28	   15
2004	      128256	        28	   15
2005	      128320	        28	   15
2006	      128384	        28	   15
2007	      128448	        28	   15
2008	      128512	        42	   15
2009	      128576	        74	   15
2010	      128640	        28	   15
2011	      128704	        29	   15
2012	      128768	        28	   15
2013	      128832	        29	   15
2014	      128896	        28	   15
2015	      128960	        28	   15
2016	      129024	        28	   15
2017	      129088	        28	   15
2018	      129152	        29	   15
2019	      129216	        29	   15
2020	      129280	        28	   15
2021	      129344	        29	   15
2022	      129408	        29	   15
2023	      129472	        44	   15
2024	      129536	        28	   15
2025	      129600	        28	   15
2026	      129664	        29	   15
2027	      129728	        28	   15
2028	      129792	        29	   15
2029	      129856	       114	   15
2030	      129920	       106	   15
2031	      129984	       295	   15
2032	      130048	       318	   15
2033	      130112	       256	   15
2034	      130176	       230	   15
2035	      130240	       330	   15
2036	      130304	       295	   15
2037	      130368	       324	   15
2038	      130432	       323	   15
2039	      130496	       258	   15
2040	      130560	       256	   15
2041	      130624	       260	   15
2042	      130688	       257	   15
2043	      130752	       279	   15
2044	      130816	       260	   15
2045	      130880	       342	   15
2046	      130944	       260	   15
2047	      131008	       309	   15
2048	      131072	       294	   15
2049	      131136	       246	   15
2050	      131200	       282	   15
2051	      131264	       240	   15
2052	      131328	       266	   15
2053	      131392	       265	   15
2054	      131456	       268	   15
2055	      131520	       355	   15
2056	      131584	       254	   15
2057	      131648	       254	   15
2058	      131712	       249	   15
2059	      131776	       265	   15
2060	      131840	       271	   15
2061	      131904	       324	   15
2062	      131968	       274	   15
2063	      132032	       376	   15
2064	      132096	       265	   15
2065	      132160	       324	   15
2066	      132224	       364	   15
2067	      132288	       298	   15
2068	      132352	       324	   15
2069	      132416	       264	   15
2070	      132480	       262	   15
2071	      132544	       372	   15
2072	      132608	       337	   15
2073	      132672	       260	   15
2074	      132736	       245	   15
2075	      132800	       284	   15
2076	      132864	       264	   15
2077	      132928	       322	   15
2078	      132992	       267	   15
2079	      133056	       297	   15
2080	      133120	       261	   15
2081	      133184	       333	   15
2082	      133248	       265	   15
2083	      133312	       269	   15
2084	      133376	       452	   15
2085	      133440	       263	   15
2086	      133504	       322	   15
2087	      133568	       310	   15
2088	      133632	       261	   15
2089	      133696	       252	   15
2090	      133760	       351	   15
2091	      133824	       251	   15
2092	      133888	       265	   15
2093	      133952	       281	   15
2094	      134016	       269	   15
2095	      134080	       311	   15
2096	      134144	       292	   15
2097	      134208	       319	   15
2098	      134272	       243	   15
2099	      134336	       239	   15
2100	      134400	       352	   15
2101	      134464	       350	   15
2102	      134528	       264	   15
2103	      134592	       263	   15
2104	      134656	       344	   15
2105	      134720	       251	   15
2106	      134784	       254	   15
2107	      134848	       253	   15
2108	      134912	       262	   15
2109	      134976	       321	   15
2110	      135040	       265	   15
2111	      135104	       264	   15
2112	      135168	       314	   15
2113	      135232	       424	   15
2114	      135296	       263	   15
2115	      135360	       298	   15
2116	      135424	       324	   15
2117	      135488	       308	   15
2118	      135552	       398	   15
2119	      135616	       272	   15
2120	      135680	       251	   15
2121	      135744	       270	   15
2122	      135808	       242	   15
2123	      135872	       265	   15
2124	      135936	       265	   15
2125	      136000	       296	   15
2126	      136064	       356	   15
2127	      136128	       363	   15
2128	      136192	       296	   15
2129	      136256	       239	   15
2130	      136320	       239	   15
2131	      136384	       308	   15
2132	      136448	       318	   15
2133	      136512	       307	   15
2134	      136576	       324	   15
2135	      136640	       262	   15
2136	      136704	       314	   15
2137	      136768	       335	   15
2138	      136832	       278	   15
2139	      136896	       252	   15
2140	      136960	       346	   15
2141	      137024	       276	   15
2142	      137088	       263	   15
2143	      137152	       495	   15
2144	      137216	       238	   15
2145	      137280	       430	   15
2146	      137344	       241	   15
2147	      137408	       243	   15
2148	      137472	       262	   15
2149	      137536	       306	   15
2150	      137600	       293	   15
2151	      137664	       358	   15
2152	      137728	       248	   15
2153	      137792	       256	   15
2154	      137856	       320	   15
2155	      137920	       254	   15
2156	      137984	       266	   15
2157	      138048	       324	   15
2158	      138112	       402	   15
2159	      138176	       283	   15
2160	      138240	       265	   15
2161	      138304	       263	   15
2162	      138368	       264	   15
2163	      138432	       274	   15
2164	      138496	       264	   15
2165	      138560	       266	   15
2166	      138624	      4094	   15
2167	      138688	       260	   15
2168	      138752	       310	   15
2169	      138816	       252	   15
2170	      138880	       326	   15
2171	      138944	       237	   15
2172	      139008	       270	   15
2173	      139072	       374	   15
2174	      139136	       409	   15
2175	      139200	       272	   15
2176	      139264	       323	   15
2177	      139328	       327	   15
2178	      139392	       258	   15
2179	      139456	       260	   15
2180	      139520	       288	   15
2181	      139584	       312	   15
2182	      139648	       267	   15
2183	      139712	       267	   15
2184	      139776	       354	   15
2185	      139840	       276	   15
2186	      139904	       239	   15
2187	      139968	       266	   15
2188	      140032	       262	   15
2189	      140096	       350	   15
2190	      140160	       268	   15
2191	      140224	       271	   15
2192	      140288	       280	   15
2193	      140352	       322	   15
2194	      140416	       239	   15
2195	      140480	       243	   15
2196	      140544	       284	   15
2197	      140608	       308	   15
2198	      140672	       290	   15
2199	      140736	       266	   15
2200	      140800	       269	   15
2201	      140864	       316	   15
2202	      140928	       245	   15
2203	      140992	       288	   15
2204	      141056	       267	   15
2205	      141120	       314	   15
2206	      141184	       344	   15
2207	      141248	       263	   15
2208	      141312	       295	   15
2209	      141376	       241	   15
2210	      141440	       287	   15
2211	      141504	       235	   15
2212	      141568	       266	   15
2213	      141632	       350	   15
2214	      141696	       318	   15
2215	      141760	       262	   15
2216	      141824	       306	   15
2217	      141888	       300	   15
2218	      141952	       253	   15
2219	      142016	       288	   15
2220	      142080	       339	   15
2221	      142144	       371	   15
2222	      142208	       346	   15
2223	      142272	       267	   15
2224	      142336	       261	   15
2225	      142400	       511	   15
2226	      142464	       316	   15
2227	      142528	       262	   15
2228	      142592	       264	   15
2229	      142656	       262	   15
2230	      142720	       295	   15
2231	      142784	       266	   15
2232	      142848	       296	   15
2233	      142912	       255	   15
2234	      142976	       266	   15
2235	      143040	       267	   15
2236	      143104	       271	   15
2237	      143168	       316	   15
2238	      143232	       263	   15
2239	      143296	       269	   15
2240	      143360	       325	   15
2241	      143424	       373	   15
2242	      143488	       242	   15
2243	      143552	       262	   15
2244	      143616	       305	   15
2245	      143680	       303	   15
2246	      143744	       276	   15
2247	      143808	       264	   15
2248	      143872	       262	   15
2249	      143936	       267	   15
2250	      144000	       301	   15
2251	      144064	       312	   15
2252	      144128	       264	   15
2253	      144192	       271	   15
2254	      144256	       264	   15
2255	      144320	       317	   15
2256	      144384	       376	   15
2257	      144448	       333	   15
2258	      144512	       352	   15
2259	      144576	       335	   15
2260	      144640	       262	   15
2261	      144704	       268	   15
2262	      144768	       271	   15
2263	      144832	       360	   15
2264	      144896	       311	   15
2265	      144960	       243	   15
2266	      145024	       240	   15
2267	      145088	       395	   15
2268	      145152	       337	   15
2269	      145216	       267	   15
2270	      145280	       288	   15
2271	      145344	       265	   15
2272	      145408	       307	   15
2273	      145472	       446	   15
2274	      145536	       253	   15
2275	      145600	       282	   15
2276	      145664	       261	   15
2277	      145728	       265	   15
2278	      145792	       262	   15
2279	      145856	       263	   15
2280	      145920	       303	   15
2281	      145984	       238	   15
2282	      146048	       243	   15
2283	      146112	       290	   15
2284	      146176	       265	   15
2285	      146240	       390	   15
2286	      146304	       266	   15
2287	      146368	       267	   15
2288	      146432	       346	   15
2289	      146496	       245	   15
2290	      146560	       329	   15
2291	      146624	       237	   15
2292	      146688	       264	   15
2293	      146752	       268	   15
2294	      146816	       264	   15
2295	      146880	       339	   15
2296	      146944	       329	   15
2297	      147008	       326	   15
2298	      147072	       266	   15
2299	      147136	       278	   15
2300	      147200	       349	   15
2301	      147264	       268	   15
2302	      147328	       263	   15
2303	      147392	       334	   15
2304	      147456	       241	   15
2305	      147520	       267	   15
2306	      147584	       322	   15
2307	      147648	       285	   15
2308	      147712	       332	   15
2309	      147776	       347	   15
2310	      147840	       278	   15
2311	      147904	       306	   15
2312	      147968	       399	   15
2313	      148032	       259	   15
2314	      148096	       337	   15
2315	      148160	       257	   15
2316	      148224	       265	   15
2317	      148288	       351	   15
2318	      148352	       271	   15
2319	      148416	       267	   15
2320	      148480	       244	   15
2321	      148544	       257	   15
2322	      148608	       283	   15
2323	      148672	       245	   15
2324	      148736	       305	   15
2325	      148800	       270	   15
2326	      148864	       266	   15
2327	      148928	       266	   15
2328	      148992	       366	   15
2329	      149056	       241	   15
2330	      149120	       306	   15
2331	      149184	       238	   15
2332	      149248	       275	   15
2333	      149312	       269	   15
2334	      149376	       266	   15
2335	      149440	       307	   15
2336	      149504	       277	   15
2337	      149568	       320	   15
2338	      149632	       246	   15
2339	      149696	       390	   15
2340	      149760	       326	   15
2341	      149824	       312	   15
2342	      149888	       262	   15
2343	      149952	       324	   15
2344	      150016	       244	   15
2345	      150080	       267	   15
2346	      150144	       263	   15
2347	      150208	       310	   15
2348	      150272	       268	   15
2349	      150336	       400	   15
2350	      150400	       269	   15
2351	      150464	       271	   15
2352	      150528	       266	   15
2353	      150592	       295	   15
2354	      150656	       246	   15
2355	      150720	       244	   15
2356	      150784	       265	   15
2357	      150848	       299	   15
2358	      150912	       262	   15
2359	      150976	       260	   15
2360	      151040	       276	   15
2361	      151104	       264	   15
2362	      151168	       280	   15
2363	      151232	       260	   15
2364	      151296	       265	   15
2365	      151360	       268	   15
2366	      151424	       265	   15
2367	      151488	       263	   15
2368	      151552	       238	   15
2369	      151616	       237	   15
2370	      151680	       306	   15
2371	      151744	       241	   15
2372	      151808	       316	   15
2373	      151872	       301	   15
2374	      151936	       265	   15
2375	      152000	       320	   15
2376	      152064	       256	   15
2377	      152128	       298	   15
2378	      152192	       337	   15
2379	      152256	       252	   15
2380	      152320	       331	   15
2381	      152384	       347	   15
2382	      152448	       267	   15
2383	      152512	       315	   15
2384	      152576	       263	   15
2385	      152640	       265	   15
2386	      152704	       265	   15
2387	      152768	       264	   15
2388	      152832	       334	   15
2389	      152896	       282	   15
2390	      152960	       259	   15
2391	      153024	       365	   15
2392	      153088	       299	   15
2393	      153152	       259	   15
2394	      153216	       268	   15
2395	      153280	       378	   15
2396	      153344	       268	   15
2397	      153408	       320	   15
2398	      153472	       270	   15
2399	      153536	       266	   15
2400	      153600	       263	   15
2401	      153664	       266	   15
2402	      153728	       271	   15
2403	      153792	       317	   15
2404	      153856	       261	   15
2405	      153920	       260	   15
2406	      153984	       292	   15
2407	      154048	       275	   15
2408	      154112	       262	   15
2409	      154176	       281	   15
2410	      154240	       267	   15
2411	      154304	       251	   15
2412	      154368	       287	   15
2413	      154432	       269	   15
2414	      154496	       270	   15
2415	      154560	       319	   15
2416	      154624	       304	   15
2417	      154688	       242	   15
2418	      154752	       252	   15
2419	      154816	       246	   15
2420	      154880	       266	   15
2421	      154944	       330	   15
2422	      155008	       262	   15
2423	      155072	       263	   15
2424	      155136	       254	   15
2425	      155200	       283	   15
2426	      155264	       250	   15
2427	      155328	       308	   15
2428	      155392	       268	   15
2429	      155456	       265	   15
2430	      155520	       295	   15
2431	      155584	       342	   15
2432	      155648	       237	   15
2433	      155712	       237	   15
2434	      155776	       288	   15
2435	      155840	       296	   15
2436	      155904	       268	   15
2437	      155968	       301	   15
2438	      156032	       291	   15
2439	      156096	       371	   15
2440	      156160	       256	   15
2441	      156224	       312	   15
2442	      156288	       254	   15
2443	      156352	       254	   15
2444	      156416	       334	   15
2445	      156480	       358	   15
2446	      156544	       272	   15
2447	      156608	       275	   15
2448	      156672	       261	   15
2449	      156736	       318	   15
2450	      156800	       264	   15
2451	      156864	       329	   15
2452	      156928	       287	   15
2453	      156992	       304	   15
2454	      157056	       259	   15
2455	      157120	       364	   15
2456	      157184	       238	   15
2457	      157248	       244	   15
2458	      157312	       272	   15
2459	      157376	       299	   15
2460	      157440	       274	   15
2461	      157504	       269	   15
2462	      157568	       349	   15
2463	      157632	       353	   15
2464	      157696	       358	   15
2465	      157760	       346	   15
2466	      157824	       265	   15
2467	      157888	       259	   15
2468	      157952	       260	   15
2469	      158016	       307	   15
2470	      158080	       265	   15
2471	      158144	       420	   15
2472	      158208	       297	   15
2473	      158272	       333	   15
2474	      158336	       274	   15
2475	      158400	       250	   15
2476	      158464	       300	   15
2477	      158528	       270	   15
2478	      158592	       268	   15
2479	      158656	       310	   15
2480	      158720	       241	   15
2481	      158784	       245	   15
2482	      158848	       288	   15
2483	      158912	       305	   15
2484	      158976	       295	   15
2485	      159040	       311	   15
2486	      159104	       261	   15
2487	      159168	       307	   15
2488	      159232	       252	   15
2489	      159296	       262	   15
2490	      159360	       249	   15
2491	      159424	       263	   15
2492	      159488	       266	   15
2493	      159552	       265	   15
2494	      159616	       345	   15
2495	      159680	       323	   15
2496	      159744	       310	   15
2497	      159808	       422	   15
2498	      159872	       265	   15
2499	      159936	       339	   15
2500	      160000	       287	   15
2501	      160064	       362	   15
2502	      160128	       275	   15
2503	      160192	       305	   15
2504	      160256	       241	   15
2505	      160320	       290	   15
2506	      160384	       328	   15
2507	      160448	       289	   15
2508	      160512	       329	   15
2509	      160576	       335	   15
2510	      160640	       264	   15
2511	      160704	       310	   15
2512	      160768	       240	   15
2513	      160832	       303	   15
2514	      160896	       236	   15
2515	      160960	       305	   15
2516	      161024	       323	   15
2517	      161088	       294	   15
2518	      161152	       262	   15
2519	      161216	       299	   15
2520	      161280	       288	   15
2521	      161344	       287	   15
2522	      161408	       266	   15
2523	      161472	       246	   15
2524	      161536	       296	   15
2525	      161600	       313	   15
2526	      161664	       268	   15
2527	      161728	       272	   15
2528	      161792	       238	   15
2529	      161856	       235	   15
2530	      161920	       249	   15
2531	      161984	       268	   15
2532	      162048	       261	   15
2533	      162112	       278	   15
2534	      162176	       266	   15
2535	      162240	       263	   15
2536	      162304	       244	   15
2537	      162368	       254	   15
2538	      162432	       342	   15
2539	      162496	       288	   15
2540	      162560	       294	   15
2541	      162624	       267	   15
2542	      162688	       266	   15
2543	      162752	       336	   15
2544	      162816	       334	   15
2545	      162880	       311	   15
2546	      162944	       260	   15
2547	      163008	       260	   15
2548	      163072	       348	   15
2549	      163136	       305	   15
2550	      163200	       295	   15
2551	      163264	       336	   15
2552	      163328	       267	   15
2553	      163392	       267	   15
2554	      163456	       247	   15
2555	      163520	       286	   15
2556	      163584	       291	   15
2557	      163648	       279	   15
2558	      163712	       267	   15
2559	      163776	       266	   15

