# arm64 load-stride trigger sweep
# timer: cntvct_el0 ticks
# ENABLE_CPP_RCTX=0
# stride_lines train_step avg_ticks
1	1	165
1	2	55
1	3	55
1	4	82
1	5	56
1	6	53
1	7	53
1	8	53
1	9	54
1	10	53
1	11	54
1	12	54
1	13	54
1	14	53
1	15	53
1	16	54
1	17	53
1	18	53
1	19	55
1	20	54
1	21	53
1	22	54
1	23	53
1	24	55
1	25	55
1	26	54
1	27	53
1	28	53
1	29	53
1	30	54
1	31	54
1	32	56
1	33	54
1	34	54
1	35	54
1	36	54
1	37	54
1	38	54
1	39	54
1	40	55
2	1	135
2	2	111
2	3	55
2	4	60
2	5	59
2	6	55
2	7	54
2	8	53
2	9	53
2	10	53
2	11	54
2	12	55
2	13	55
2	14	53
2	15	54
2	16	53
2	17	54
2	18	54
2	19	54
2	20	54
2	21	54
2	22	55
2	23	54
2	24	54
2	25	54
2	26	54
2	27	54
2	28	54
2	29	54
2	30	54
2	31	53
2	32	57
2	33	54
2	34	53
2	35	54
2	36	54
2	37	54
2	38	53
2	39	54
2	40	53
3	1	170
3	2	81
3	3	76
3	4	56
3	5	56
3	6	53
3	7	55
3	8	53
3	9	54
3	10	54
3	11	53
3	12	54
3	13	53
3	14	53
3	15	54
3	16	54
3	17	53
3	18	55
3	19	54
3	20	54
3	21	54
3	22	57
3	23	54
3	24	54
3	25	54
3	26	53
3	27	54
3	28	54
3	29	55
3	30	54
3	31	54
3	32	54
3	33	56
3	34	54
3	35	53
3	36	54
3	37	54
3	38	54
3	39	54
3	40	56
4	1	173
4	2	119
4	3	184
4	4	55
4	5	57
4	6	54
4	7	53
4	8	53
4	9	53
4	10	53
4	11	53
4	12	54
4	13	54
4	14	53
4	15	53
4	16	57
4	17	54
4	18	54
4	19	53
4	20	53
4	21	53
4	22	53
4	23	53
4	24	53
4	25	53
4	26	53
4	27	53
4	28	54
4	29	53
4	30	53
4	31	53
4	32	57
4	33	54
4	34	53
4	35	53
4	36	53
4	37	53
4	38	53
4	39	53
4	40	53
5	1	180
5	2	55
5	3	152
5	4	55
5	5	141
5	6	58
5	7	54
5	8	54
5	9	54
5	10	54
5	11	53
5	12	54
5	13	58
5	14	53
5	15	54
5	16	55
5	17	54
5	18	53
5	19	53
5	20	54
5	21	54
5	22	53
5	23	55
5	24	54
5	25	54
5	26	58
5	27	53
5	28	54
5	29	55
5	30	54
5	31	54
5	32	55
5	33	55
5	34	55
5	35	54
5	36	56
5	37	55
5	38	55
5	39	58
5	40	55
6	1	169
6	2	119
6	3	86
6	4	117
6	5	126
6	6	53
6	7	55
6	8	55
6	9	53
6	10	53
6	11	57
6	12	54
6	13	55
6	14	54
6	15	54
6	16	55
6	17	54
6	18	54
6	19	55
6	20	54
6	21	54
6	22	58
6	23	54
6	24	54
6	25	54
6	26	55
6	27	53
6	28	54
6	29	53
6	30	53
6	31	53
6	32	58
6	33	53
6	34	53
6	35	53
6	36	54
6	37	54
6	38	53
6	39	53
6	40	53
7	1	168
7	2	55
7	3	139
7	4	60
7	5	57
7	6	55
7	7	54
7	8	53
7	9	53
7	10	57
7	11	53
7	12	54
7	13	56
7	14	54
7	15	54
7	16	53
7	17	54
7	18	54
7	19	57
7	20	54
7	21	54
7	22	54
7	23	54
7	24	53
7	25	55
7	26	55
7	27	54
7	28	57
7	29	54
7	30	53
7	31	54
7	32	55
7	33	54
7	34	56
7	35	55
7	36	55
7	37	58
7	38	55
7	39	54
7	40	55
8	1	164
8	2	55
8	3	55
8	4	56
8	5	59
8	6	53
8	7	54
8	8	57
8	9	53
8	10	53
8	11	53
8	12	53
8	13	53
8	14	53
8	15	53
8	16	57
8	17	53
8	18	53
8	19	54
8	20	54
8	21	53
8	22	54
8	23	53
8	24	57
8	25	53
8	26	53
8	27	53
8	28	53
8	29	53
8	30	54
8	31	53
8	32	57
8	33	53
8	34	54
8	35	53
8	36	53
8	37	53
8	38	53
8	39	53
8	40	57
9	1	153
9	2	55
9	3	119
9	4	55
9	5	55
9	6	54
9	7	54
9	8	57
9	9	53
9	10	53
9	11	55
9	12	55
9	13	53
9	14	53
9	15	57
9	16	54
9	17	54
9	18	53
9	19	53
9	20	55
9	21	54
9	22	58
9	23	54
9	24	55
9	25	54
9	26	53
9	27	54
9	28	54
9	29	57
9	30	54
9	31	53
9	32	53
9	33	55
9	34	55
9	35	54
9	36	58
9	37	54
9	38	54
9	39	55
9	40	56
10	1	159
10	2	56
10	3	55
10	4	55
10	5	55
10	6	54
10	7	57
10	8	55
10	9	53
10	10	54
10	11	53
10	12	55
10	13	59
10	14	54
10	15	53
10	16	55
10	17	56
10	18	54
10	19	63
10	20	58
10	21	54
10	22	54
10	23	55
10	24	54
10	25	54
10	26	58
10	27	53
10	28	53
10	29	54
10	30	54
10	31	53
10	32	57
10	33	53
10	34	53
10	35	54
10	36	54
10	37	53
10	38	54
10	39	57
10	40	53
11	1	177
11	2	55
11	3	55
11	4	56
11	5	55
11	6	57
11	7	54
11	8	54
11	9	53
11	10	53
11	11	53
11	12	56
11	13	53
11	14	53
11	15	54
11	16	53
11	17	54
11	18	57
11	19	54
11	20	54
11	21	56
11	22	53
11	23	54
11	24	57
11	25	53
11	26	54
11	27	54
11	28	54
11	29	53
11	30	58
11	31	54
11	32	55
11	33	54
11	34	55
11	35	57
11	36	54
11	37	53
11	38	53
11	39	54
11	40	54
12	1	176
12	2	162
12	3	55
12	4	55
12	5	55
12	6	59
12	7	54
12	8	53
12	9	54
12	10	54
12	11	57
12	12	54
12	13	53
12	14	53
12	15	54
12	16	57
12	17	54
12	18	53
12	19	53
12	20	53
12	21	53
12	22	57
12	23	53
12	24	53
12	25	53
12	26	53
12	27	57
12	28	53
12	29	53
12	30	53
12	31	53
12	32	57
12	33	53
12	34	53
12	35	53
12	36	53
12	37	53
12	38	57
12	39	53
12	40	53
13	1	169
13	2	104
13	3	55
13	4	55
13	5	61
13	6	55
13	7	54
13	8	55
13	9	53
13	10	59
13	11	54
13	12	55
13	13	54
13	14	53
13	15	58
13	16	54
13	17	55
13	18	54
13	19	53
13	20	56
13	21	54
13	22	56
13	23	55
13	24	55
13	25	57
13	26	53
13	27	54
13	28	54
13	29	54
13	30	57
13	31	53
13	32	57
13	33	54
13	34	53
13	35	58
13	36	54
13	37	54
13	38	54
13	39	54
13	40	58
14	1	178
14	2	55
14	3	55
14	4	55
14	5	59
14	6	53
14	7	53
14	8	53
14	9	54
14	10	57
14	11	56
14	12	53
14	13	54
14	14	58
14	15	54
14	16	53
14	17	54
14	18	55
14	19	58
14	20	54
14	21	53
14	22	54
14	23	57
14	24	54
14	25	53
14	26	54
14	27	54
14	28	57
14	29	53
14	30	53
14	31	53
14	32	57
14	33	53
14	34	53
14	35	53
14	36	54
14	37	57
14	38	53
14	39	53
14	40	53
15	1	168
15	2	163
15	3	56
15	4	55
15	5	58
15	6	53
15	7	53
15	8	54
15	9	57
15	10	55
15	11	53
15	12	55
15	13	58
15	14	53
15	15	54
15	16	54
15	17	53
15	18	57
15	19	53
15	20	54
15	21	54
15	22	58
15	23	54
15	24	53
15	25	54
15	26	58
15	27	54
15	28	54
15	29	54
15	30	57
15	31	54
15	32	57
15	33	54
15	34	54
15	35	57
15	36	55
15	37	55
15	38	54
15	39	59
15	40	55
16	1	147
16	2	55
16	3	56
16	4	59
16	5	56
16	6	53
16	7	53
16	8	57
16	9	53
16	10	54
16	11	53
16	12	56
16	13	53
16	14	53
16	15	53
16	16	57
16	17	54
16	18	53
16	19	53
16	20	57
16	21	53
16	22	53
16	23	53
16	24	57
16	25	53
16	26	53
16	27	54
16	28	57
16	29	53
16	30	53
16	31	54
16	32	57
16	33	55
16	34	53
16	35	53
16	36	57
16	37	54
16	38	53
16	39	54
16	40	57
17	1	165
17	2	55
17	3	55
17	4	59
17	5	69
17	6	54
17	7	55
17	8	57
17	9	54
17	10	53
17	11	53
17	12	58
17	13	55
17	14	54
17	15	54
17	16	59
17	17	54
17	18	54
17	19	58
17	20	55
17	21	53
17	22	55
17	23	57
17	24	55
17	25	53
17	26	53
17	27	57
17	28	54
17	29	55
17	30	54
17	31	57
17	32	54
17	33	54
17	34	57
17	35	55
17	36	54
17	37	54
17	38	59
17	39	54
17	40	54
18	1	168
18	2	55
18	3	55
18	4	59
18	5	55
18	6	54
18	7	53
18	8	58
18	9	54
18	10	53
18	11	56
18	12	53
18	13	54
18	14	54
18	15	58
18	16	54
18	17	54
18	18	57
18	19	55
18	20	54
18	21	54
18	22	58
18	23	54
18	24	53
18	25	57
18	26	54
18	27	53
18	28	54
18	29	57
18	30	54
18	31	53
18	32	59
18	33	53
18	34	53
18	35	54
18	36	57
18	37	53
18	38	53
18	39	53
18	40	57
19	1	174
19	2	55
19	3	55
19	4	59
19	5	58
19	6	53
19	7	57
19	8	54
19	9	54
19	10	61
19	11	57
19	12	54
19	13	54
19	14	57
19	15	53
19	16	54
19	17	57
19	18	54
19	19	54
19	20	53
19	21	58
19	22	53
19	23	54
19	24	58
19	25	53
19	26	54
19	27	57
19	28	56
19	29	54
19	30	54
19	31	58
19	32	54
19	33	54
19	34	57
19	35	54
19	36	55
19	37	54
19	38	59
19	39	54
19	40	54
20	1	172
20	2	55
20	3	55
20	4	73
20	5	56
20	6	53
20	7	58
20	8	54
20	9	54
20	10	61
20	11	53
20	12	53
20	13	57
20	14	53
20	15	53
20	16	57
20	17	54
20	18	54
20	19	53
20	20	57
20	21	53
20	22	53
20	23	57
20	24	53
20	25	53
20	26	57
20	27	53
20	28	54
20	29	57
20	30	53
20	31	53
20	32	57
20	33	53
20	34	53
20	35	54
20	36	57
20	37	53
20	38	53
20	39	57
20	40	53
21	1	173
21	2	55
21	3	55
21	4	59
21	5	55
21	6	54
21	7	58
21	8	54
21	9	53
21	10	58
21	11	53
21	12	54
21	13	58
21	14	54
21	15	54
21	16	57
21	17	54
21	18	54
21	19	58
21	20	54
21	21	54
21	22	57
21	23	54
21	24	53
21	25	58
21	26	54
21	27	54
21	28	58
21	29	54
21	30	54
21	31	58
21	32	54
21	33	54
21	34	59
21	35	54
21	36	54
21	37	57
21	38	54
21	39	54
21	40	59
22	1	169
22	2	55
22	3	59
22	4	55
22	5	55
22	6	58
22	7	54
22	8	53
22	9	59
22	10	53
22	11	53
22	12	57
22	13	53
22	14	53
22	15	58
22	16	54
22	17	55
22	18	58
22	19	54
22	20	54
22	21	58
22	22	54
22	23	53
22	24	58
22	25	54
22	26	53
22	27	57
22	28	54
22	29	53
22	30	57
22	31	53
22	32	57
22	33	53
22	34	53
22	35	58
22	36	53
22	37	53
22	38	57
22	39	53
22	40	53
23	1	157
23	2	55
23	3	59
23	4	56
23	5	57
23	6	57
23	7	54
23	8	54
23	9	57
23	10	53
23	11	55
23	12	57
23	13	54
23	14	57
23	15	54
23	16	53
23	17	58
23	18	53
23	19	54
23	20	57
23	21	55
23	22	54
23	23	57
23	24	53
23	25	55
23	26	57
23	27	54
23	28	59
23	29	55
23	30	54
23	31	59
23	32	54
23	33	54
23	34	59
23	35	54
23	36	55
23	37	58
23	38	53
23	39	59
23	40	55
24	1	167
24	2	55
24	3	59
24	4	55
24	5	55
24	6	57
24	7	53
24	8	57
24	9	53
24	10	53
24	11	57
24	12	53
24	13	53
24	14	57
24	15	53
24	16	57
24	17	63
24	18	53
24	19	57
24	20	53
24	21	53
24	22	57
24	23	53
24	24	57
24	25	53
24	26	53
24	27	58
24	28	53
24	29	54
24	30	57
24	31	54
24	32	57
24	33	53
24	34	53
24	35	57
24	36	53
24	37	54
24	38	57
24	39	53
24	40	57
25	1	170
25	2	55
25	3	59
25	4	55
25	5	56
25	6	57
25	7	54
25	8	58
25	9	53
25	10	53
25	11	58
25	12	54
25	13	59
25	14	55
25	15	53
25	16	56
25	17	53
25	18	57
25	19	53
25	20	53
25	21	59
25	22	54
25	23	53
25	24	57
25	25	53
25	26	58
25	27	54
25	28	54
25	29	58
25	30	53
25	31	59
25	32	53
25	33	54
25	34	57
25	35	54
25	36	59
25	37	54
25	38	55
25	39	58
25	40	54
26	1	165
26	2	55
26	3	58
26	4	55
26	5	59
26	6	53
26	7	54
26	8	57
26	9	53
26	10	57
26	11	54
26	12	53
26	13	58
26	14	54
26	15	58
26	16	54
26	17	54
26	18	59
26	19	53
26	20	57
26	21	54
26	22	54
26	23	58
26	24	54
26	25	59
26	26	53
26	27	54
26	28	57
26	29	53
26	30	57
26	31	53
26	32	58
26	33	53
26	34	53
26	35	57
26	36	53
26	37	57
26	38	54
26	39	53
26	40	57
27	1	169
27	2	55
27	3	59
27	4	55
27	5	59
27	6	54
27	7	56
27	8	57
27	9	53
27	10	57
27	11	54
27	12	57
27	13	53
27	14	54
27	15	57
27	16	54
27	17	57
27	18	54
27	19	59
27	20	54
27	21	53
27	22	57
27	23	54
27	24	59
27	25	55
27	26	55
27	27	57
27	28	56
27	29	57
27	30	53
27	31	56
27	32	54
27	33	54
27	34	57
27	35	54
27	36	58
27	37	54
27	38	59
27	39	55
27	40	55
28	1	173
28	2	56
28	3	59
28	4	56
28	5	60
28	6	53
28	7	57
28	8	54
28	9	54
28	10	58
28	11	53
28	12	57
28	13	53
28	14	58
28	15	53
28	16	58
28	17	53
28	18	54
28	19	57
28	20	53
28	21	57
28	22	53
28	23	57
28	24	53
28	25	53
28	26	57
28	27	54
28	28	57
28	29	54
28	30	57
28	31	54
28	32	57
28	33	53
28	34	54
28	35	57
28	36	54
28	37	57
28	38	54
28	39	57
28	40	53
29	1	175
29	2	55
29	3	60
29	4	55
29	5	59
29	6	54
29	7	57
29	8	54
29	9	60
29	10	57
29	11	55
29	12	59
29	13	54
29	14	57
29	15	54
29	16	57
29	17	54
29	18	57
29	19	54
29	20	58
29	21	54
29	22	53
29	23	57
29	24	54
29	25	58
29	26	54
29	27	57
29	28	55
29	29	57
29	30	54
29	31	58
29	32	53
29	33	55
29	34	58
29	35	55
29	36	58
29	37	54
29	38	58
29	39	55
29	40	57
30	1	162
30	2	56
30	3	59
30	4	55
30	5	60
30	6	53
30	7	57
30	8	53
30	9	57
30	10	53
30	11	57
30	12	53
30	13	57
30	14	54
30	15	58
30	16	53
30	17	55
30	18	59
30	19	54
30	20	61
30	21	54
30	22	57
30	23	55
30	24	57
30	25	54
30	26	58
30	27	55
30	28	57
30	29	54
30	30	57
30	31	53
30	32	58
30	33	54
30	34	53
30	35	57
30	36	54
30	37	57
30	38	53
30	39	57
30	40	53
31	1	172
31	2	55
31	3	59
31	4	56
31	5	62
31	6	53
31	7	57
31	8	53
31	9	57
31	10	56
31	11	57
31	12	55
31	13	57
31	14	55
31	15	57
31	16	56
31	17	57
31	18	53
31	19	58
31	20	53
31	21	57
31	22	55
31	23	58
31	24	54
31	25	58
31	26	55
31	27	58
31	28	55
31	29	57
31	30	54
31	31	58
31	32	54
31	33	55
31	34	58
31	35	56
31	36	58
31	37	54
31	38	58
31	39	54
31	40	57
32	1	173
32	2	64
32	3	55
32	4	59
32	5	55
32	6	57
32	7	53
32	8	57
32	9	54
32	10	57
32	11	53
32	12	57
32	13	54
32	14	57
32	15	53
32	16	57
32	17	54
32	18	56
32	19	53
32	20	56
32	21	54
32	22	56
32	23	53
32	24	57
32	25	53
32	26	57
32	27	54
32	28	56
32	29	54
32	30	57
32	31	53
32	32	57
32	33	53
32	34	57
32	35	54
32	36	57
32	37	54
32	38	57
32	39	54
32	40	57
33	1	86
33	2	60
33	3	55
33	4	59
33	5	56
33	6	57
33	7	53
33	8	57
33	9	53
33	10	57
33	11	53
33	12	57
33	13	53
33	14	57
33	15	54
33	16	57
33	17	53
33	18	57
33	19	53
33	20	57
33	21	53
33	22	57
33	23	53
33	24	57
33	25	53
33	26	57
33	27	53
33	28	56
33	29	53
33	30	57
33	31	53
33	32	57
33	33	57
33	34	53
33	35	56
33	36	53
33	37	57
33	38	53
33	39	57
33	40	53
34	1	168
34	2	59
34	3	55
34	4	59
34	5	56
34	6	57
34	7	53
34	8	57
34	9	53
34	10	58
34	11	53
34	12	58
34	13	53
34	14	57
34	15	53
34	16	57
34	17	56
34	18	53
34	19	57
34	20	55
34	21	57
34	22	53
34	23	57
34	24	53
34	25	56
34	26	53
34	27	57
34	28	53
34	29	57
34	30	53
34	31	57
34	32	57
34	33	55
34	34	56
34	35	53
34	36	57
34	37	53
34	38	57
34	39	53
34	40	57
35	1	136
35	2	60
35	3	56
35	4	59
35	5	55
35	6	57
35	7	53
35	8	57
35	9	53
35	10	57
35	11	57
35	12	53
35	13	57
35	14	53
35	15	57
35	16	53
35	17	56
35	18	53
35	19	57
35	20	53
35	21	56
35	22	57
35	23	53
35	24	57
35	25	53
35	26	57
35	27	53
35	28	57
35	29	54
35	30	57
35	31	53
35	32	57
35	33	57
35	34	53
35	35	57
35	36	54
35	37	57
35	38	54
35	39	57
35	40	54
36	1	156
36	2	59
36	3	55
36	4	59
36	5	55
36	6	57
36	7	53
36	8	57
36	9	57
36	10	53
36	11	57
36	12	53
36	13	57
36	14	53
36	15	57
36	16	56
36	17	54
36	18	57
36	19	53
36	20	57
36	21	53
36	22	57
36	23	53
36	24	57
36	25	56
36	26	53
36	27	57
36	28	53
36	29	57
36	30	53
36	31	57
36	32	57
36	33	53
36	34	57
36	35	53
36	36	57
36	37	53
36	38	57
36	39	55
36	40	57
37	1	157
37	2	61
37	3	56
37	4	60
37	5	55
37	6	57
37	7	57
37	8	53
37	9	57
37	10	53
37	11	57
37	12	53
37	13	56
37	14	57
37	15	53
37	16	57
37	17	54
37	18	57
37	19	53
37	20	57
37	21	57
37	22	53
37	23	57
37	24	53
37	25	56
37	26	57
37	27	53
37	28	57
37	29	53
37	30	57
37	31	53
37	32	57
37	33	57
37	34	53
37	35	57
37	36	53
37	37	57
37	38	53
37	39	59
37	40	57
38	1	172
38	2	60
38	3	56
38	4	59
38	5	55
38	6	57
38	7	57
38	8	53
38	9	57
38	10	53
38	11	57
38	12	57
38	13	53
38	14	57
38	15	53
38	16	57
38	17	57
38	18	54
38	19	57
38	20	53
38	21	57
38	22	57
38	23	53
38	24	57
38	25	53
38	26	57
38	27	57
38	28	53
38	29	57
38	30	54
38	31	57
38	32	57
38	33	53
38	34	57
38	35	53
38	36	57
38	37	53
38	38	57
38	39	57
38	40	53
39	1	180
39	2	64
39	3	55
39	4	59
39	5	59
39	6	53
39	7	57
39	8	54
39	9	58
39	10	57
39	11	53
39	12	57
39	13	53
39	14	57
39	15	57
39	16	53
39	17	57
39	18	53
39	19	57
39	20	57
39	21	53
39	22	57
39	23	57
39	24	53
39	25	57
39	26	53
39	27	56
39	28	57
39	29	53
39	30	57
39	31	53
39	32	57
39	33	57
39	34	54
39	35	57
39	36	53
39	37	57
39	38	57
39	39	53
39	40	57
40	1	168
40	2	59
40	3	56
40	4	59
40	5	59
40	6	53
40	7	57
40	8	58
40	9	53
40	10	57
40	11	53
40	12	57
40	13	57
40	14	53
40	15	57
40	16	57
40	17	53
40	18	57
40	19	53
40	20	56
40	21	58
40	22	53
40	23	57
40	24	56
40	25	53
40	26	57
40	27	53
40	28	57
40	29	57
40	30	53
40	31	57
40	32	57
40	33	53
40	34	57
40	35	53
40	36	57
40	37	57
40	38	53
40	39	57
40	40	57
41	1	173
41	2	59
41	3	56
41	4	60
41	5	59
41	6	53
41	7	57
41	8	57
41	9	53
41	10	57
41	11	57
41	12	53
41	13	57
41	14	54
41	15	57
41	16	57
41	17	53
41	18	57
41	19	57
41	20	53
41	21	57
41	22	57
41	23	53
41	24	57
41	25	57
41	26	53
41	27	57
41	28	53
41	29	57
41	30	57
41	31	53
41	32	58
41	33	57
41	34	53
41	35	57
41	36	57
41	37	54
41	38	57
41	39	54
41	40	57
42	1	166
42	2	59
42	3	55
42	4	59
42	5	61
42	6	53
42	7	57
42	8	56
42	9	54
42	10	57
42	11	57
42	12	53
42	13	57
42	14	57
42	15	53
42	16	57
42	17	57
42	18	54
42	19	56
42	20	57
42	21	53
42	22	57
42	23	57
42	24	53
42	25	56
42	26	56
42	27	53
42	28	57
42	29	57
42	30	53
42	31	57
42	32	57
42	33	53
42	34	57
42	35	54
42	36	57
42	37	57
42	38	53
42	39	58
42	40	57
43	1	136
43	2	58
43	3	59
43	4	56
43	5	59
43	6	57
43	7	54
43	8	56
43	9	56
43	10	53
43	11	57
43	12	57
43	13	53
43	14	57
43	15	57
43	16	53
43	17	57
43	18	57
43	19	53
43	20	57
43	21	57
43	22	53
43	23	57
43	24	57
43	25	53
43	26	57
43	27	56
43	28	53
43	29	57
43	30	57
43	31	53
43	32	57
43	33	59
43	34	53
43	35	57
43	36	57
43	37	53
43	38	57
43	39	57
43	40	53
44	1	147
44	2	66
44	3	59
44	4	56
44	5	58
44	6	58
44	7	54
44	8	56
44	9	57
44	10	53
44	11	56
44	12	57
44	13	53
44	14	57
44	15	57
44	16	56
44	17	53
44	18	57
44	19	56
44	20	53
44	21	57
44	22	57
44	23	53
44	24	56
44	25	57
44	26	53
44	27	57
44	28	57
44	29	53
44	30	57
44	31	57
44	32	57
44	33	53
44	34	57
44	35	57
44	36	53
44	37	57
44	38	57
44	39	54
44	40	57
45	1	164
45	2	60
45	3	59
45	4	55
45	5	60
45	6	57
45	7	53
45	8	57
45	9	57
45	10	57
45	11	53
45	12	57
45	13	57
45	14	53
45	15	58
45	16	57
45	17	53
45	18	58
45	19	57
45	20	57
45	21	53
45	22	57
45	23	57
45	24	53
45	25	57
45	26	57
45	27	54
45	28	57
45	29	57
45	30	57
45	31	53
45	32	57
45	33	57
45	34	53
45	35	57
45	36	58
45	37	57
45	38	53
45	39	57
45	40	57
46	1	181
46	2	60
46	3	61
46	4	56
46	5	59
46	6	57
46	7	58
46	8	53
46	9	56
46	10	57
46	11	53
46	12	57
46	13	57
46	14	57
46	15	53
46	16	57
46	17	57
46	18	53
46	19	57
46	20	57
46	21	57
46	22	53
46	23	57
46	24	57
46	25	53
46	26	57
46	27	57
46	28	57
46	29	53
46	30	57
46	31	57
46	32	57
46	33	54
46	34	57
46	35	57
46	36	54
46	37	57
46	38	57
46	39	57
46	40	53
47	1	174
47	2	61
47	3	59
47	4	56
47	5	59
47	6	59
47	7	57
47	8	53
47	9	57
47	10	57
47	11	57
47	12	53
47	13	57
47	14	57
47	15	57
47	16	53
47	17	57
47	18	57
47	19	56
47	20	57
47	21	57
47	22	57
47	23	53
47	24	57
47	25	57
47	26	57
47	27	53
47	28	57
47	29	57
47	30	57
47	31	53
47	32	57
47	33	57
47	34	53
47	35	57
47	36	57
47	37	57
47	38	53
47	39	57
47	40	57
48	1	166
48	2	60
48	3	58
48	4	59
48	5	55
48	6	57
48	7	57
48	8	57
48	9	53
48	10	58
48	11	57
48	12	57
48	13	53
48	14	57
48	15	57
48	16	57
48	17	53
48	18	57
48	19	57
48	20	57
48	21	53
48	22	57
48	23	57
48	24	57
48	25	53
48	26	57
48	27	57
48	28	57
48	29	53
48	30	57
48	31	57
48	32	56
48	33	54
48	34	56
48	35	57
48	36	58
48	37	53
48	38	57
48	39	57
48	40	57
49	1	165
49	2	60
49	3	59
49	4	59
49	5	55
49	6	57
49	7	57
49	8	57
49	9	53
49	10	57
49	11	56
49	12	57
49	13	53
49	14	57
49	15	57
49	16	57
49	17	57
49	18	53
49	19	57
49	20	57
49	21	57
49	22	53
49	23	57
49	24	57
49	25	57
49	26	53
49	27	57
49	28	57
49	29	57
49	30	53
49	31	57
49	32	57
49	33	57
49	34	57
49	35	53
49	36	57
49	37	57
49	38	57
49	39	53
49	40	58
50	1	164
50	2	60
50	3	60
50	4	59
50	5	55
50	6	57
50	7	57
50	8	57
50	9	57
50	10	53
50	11	57
50	12	62
50	13	57
50	14	53
50	15	57
50	16	57
50	17	57
50	18	57
50	19	53
50	20	57
50	21	57
50	22	57
50	23	53
50	24	57
50	25	57
50	26	57
50	27	57
50	28	53
50	29	56
50	30	56
50	31	57
50	32	57
50	33	53
50	34	57
50	35	58
50	36	57
50	37	54
50	38	57
50	39	56
50	40	57
51	1	166
51	2	61
51	3	59
51	4	60
51	5	55
51	6	57
51	7	57
51	8	56
51	9	57
51	10	54
51	11	57
51	12	57
51	13	57
51	14	57
51	15	53
51	16	58
51	17	57
51	18	57
51	19	57
51	20	53
51	21	57
51	22	57
51	23	58
51	24	57
51	25	54
51	26	57
51	27	57
51	28	57
51	29	57
51	30	53
51	31	57
51	32	56
51	33	57
51	34	57
51	35	53
51	36	58
51	37	57
51	38	57
51	39	56
51	40	53
52	1	158
52	2	63
52	3	60
52	4	60
52	5	59
52	6	53
52	7	57
52	8	57
52	9	57
52	10	57
52	11	54
52	12	57
52	13	57
52	14	56
52	15	57
52	16	57
52	17	53
52	18	57
52	19	57
52	20	57
52	21	57
52	22	53
52	23	57
52	24	57
52	25	57
52	26	57
52	27	53
52	28	57
52	29	57
52	30	57
52	31	57
52	32	56
52	33	54
52	34	58
52	35	58
52	36	58
52	37	57
52	38	53
52	39	57
52	40	58
53	1	153
53	2	59
53	3	59
53	4	60
53	5	59
53	6	53
53	7	57
53	8	57
53	9	57
53	10	57
53	11	57
53	12	53
53	13	57
53	14	57
53	15	57
53	16	57
53	17	57
53	18	54
53	19	57
53	20	57
53	21	58
53	22	57
53	23	57
53	24	53
53	25	57
53	26	57
53	27	57
53	28	57
53	29	57
53	30	53
53	31	57
53	32	57
53	33	57
53	34	57
53	35	54
53	36	57
53	37	57
53	38	57
53	39	58
53	40	56
54	1	175
54	2	66
54	3	61
54	4	59
54	5	59
54	6	57
54	7	53
54	8	57
54	9	57
54	10	57
54	11	57
54	12	57
54	13	53
54	14	57
54	15	57
54	16	57
54	17	57
54	18	57
54	19	57
54	20	53
54	21	57
54	22	57
54	23	57
54	24	57
54	25	57
54	26	54
54	27	57
54	28	57
54	29	57
54	30	57
54	31	57
54	32	57
54	33	53
54	34	57
54	35	56
54	36	57
54	37	57
54	38	57
54	39	53
54	40	57
55	1	171
55	2	59
55	3	60
55	4	59
55	5	58
55	6	57
55	7	57
55	8	53
55	9	57
55	10	57
55	11	57
55	12	57
55	13	57
55	14	56
55	15	53
55	16	57
55	17	57
55	18	56
55	19	57
55	20	57
55	21	57
55	22	53
55	23	58
55	24	57
55	25	57
55	26	57
55	27	57
55	28	57
55	29	53
55	30	57
55	31	57
55	32	57
55	33	56
55	34	56
55	35	56
55	36	53
55	37	57
55	38	57
55	39	56
55	40	57
56	1	168
56	2	63
56	3	59
56	4	59
56	5	59
56	6	57
56	7	57
56	8	58
56	9	53
56	10	57
56	11	57
56	12	57
56	13	57
56	14	57
56	15	57
56	16	57
56	17	53
56	18	58
56	19	57
56	20	57
56	21	57
56	22	57
56	23	57
56	24	57
56	25	53
56	26	57
56	27	57
56	28	57
56	29	57
56	30	57
56	31	57
56	32	58
56	33	53
56	34	57
56	35	57
56	36	57
56	37	56
56	38	57
56	39	57
56	40	57
57	1	164
57	2	60
57	3	59
57	4	59
57	5	59
57	6	57
57	7	57
57	8	57
57	9	57
57	10	53
57	11	57
57	12	57
57	13	56
57	14	57
57	15	57
57	16	57
57	17	59
57	18	57
57	19	53
57	20	57
57	21	57
57	22	57
57	23	57
57	24	56
57	25	57
57	26	57
57	27	57
57	28	53
57	29	57
57	30	57
57	31	57
57	32	57
57	33	57
57	34	57
57	35	57
57	36	57
57	37	53
57	38	57
57	39	56
57	40	57
58	1	165
58	2	59
58	3	62
58	4	60
58	5	59
58	6	57
58	7	57
58	8	57
58	9	56
58	10	57
58	11	53
58	12	57
58	13	56
58	14	57
58	15	57
58	16	57
58	17	57
58	18	57
58	19	57
58	20	57
58	21	56
58	22	53
58	23	56
58	24	58
58	25	57
58	26	57
58	27	57
58	28	57
58	29	57
58	30	57
58	31	56
58	32	57
58	33	53
58	34	57
58	35	57
58	36	57
58	37	57
58	38	56
58	39	57
58	40	57
59	1	107
59	2	60
59	3	61
59	4	59
59	5	59
59	6	57
59	7	57
59	8	57
59	9	57
59	10	57
59	11	57
59	12	57
59	13	53
59	14	57
59	15	57
59	16	59
59	17	57
59	18	57
59	19	57
59	20	57
59	21	57
59	22	57
59	23	57
59	24	57
59	25	57
59	26	53
59	27	57
59	28	57
59	29	57
59	30	57
59	31	57
59	32	56
59	33	56
59	34	57
59	35	57
59	36	57
59	37	57
59	38	57
59	39	53
59	40	57
60	1	160
60	2	60
60	3	59
60	4	59
60	5	59
60	6	57
60	7	57
60	8	56
60	9	57
60	10	57
60	11	57
60	12	57
60	13	57
60	14	57
60	15	57
60	16	58
60	17	53
60	18	56
60	19	57
60	20	57
60	21	57
60	22	57
60	23	57
60	24	56
60	25	58
60	26	57
60	27	56
60	28	57
60	29	57
60	30	57
60	31	57
60	32	57
60	33	53
60	34	57
60	35	57
60	36	57
60	37	57
60	38	57
60	39	57
60	40	57
61	1	167
61	2	60
61	3	60
61	4	59
61	5	59
61	6	57
61	7	57
61	8	57
61	9	56
61	10	66
61	11	57
61	12	57
61	13	57
61	14	57
61	15	57
61	16	57
61	17	57
61	18	57
61	19	57
61	20	57
61	21	57
61	22	54
61	23	58
61	24	57
61	25	57
61	26	57
61	27	57
61	28	57
61	29	57
61	30	57
61	31	57
61	32	57
61	33	57
61	34	57
61	35	57
61	36	57
61	37	57
61	38	58
61	39	57
61	40	57
62	1	107
62	2	60
62	3	59
62	4	60
62	5	60
62	6	57
62	7	57
62	8	57
62	9	57
62	10	57
62	11	56
62	12	57
62	13	56
62	14	56
62	15	56
62	16	57
62	17	57
62	18	57
62	19	57
62	20	58
62	21	57
62	22	57
62	23	57
62	24	57
62	25	57
62	26	57
62	27	59
62	28	57
62	29	57
62	30	57
62	31	57
62	32	57
62	33	53
62	34	57
62	35	57
62	36	57
62	37	56
62	38	57
62	39	57
62	40	57
63	1	165
63	2	59
63	3	59
63	4	59
63	5	59
63	6	57
63	7	57
63	8	57
63	9	57
63	10	57
63	11	57
63	12	57
63	13	57
63	14	57
63	15	57
63	16	56
63	17	57
63	18	58
63	19	57
63	20	57
63	21	57
63	22	57
63	23	57
63	24	57
63	25	57
63	26	57
63	27	57
63	28	57
63	29	57
63	30	57
63	31	57
63	32	57
63	33	56
63	34	57
63	35	57
63	36	57
63	37	57
63	38	57
63	39	57
63	40	57
64	1	170
64	2	62
64	3	59
64	4	58
64	5	59
64	6	57
64	7	57
64	8	57
64	9	57
64	10	57
64	11	57
64	12	57
64	13	57
64	14	57
64	15	56
64	16	57
64	17	57
64	18	58
64	19	56
64	20	57
64	21	57
64	22	56
64	23	57
64	24	57
64	25	57
64	26	57
64	27	57
64	28	57
64	29	57
64	30	57
64	31	57
64	32	57
64	33	57
64	34	56
64	35	57
64	36	57
64	37	57
64	38	57
64	39	57
64	40	57
