# arm64 store-stride trigger sweep
# timer: cntvct_el0 ticks
# ENABLE_CPP_RCTX=0
# stride_lines train_step avg_ticks
1	1	137
1	2	138
1	3	126
1	4	124
1	5	138
1	6	62
1	7	56
1	8	55
1	9	53
1	10	53
1	11	56
1	12	56
1	13	55
1	14	55
1	15	55
1	16	55
1	17	55
1	18	55
1	19	54
1	20	54
1	21	55
1	22	55
1	23	55
1	24	55
1	25	55
1	26	55
1	27	56
1	28	55
1	29	56
1	30	55
1	31	56
1	32	56
1	33	55
1	34	55
1	35	55
1	36	55
1	37	56
1	38	56
1	39	57
1	40	57
2	1	138
2	2	140
2	3	140
2	4	135
2	5	107
2	6	61
2	7	57
2	8	56
2	9	55
2	10	56
2	11	56
2	12	56
2	13	55
2	14	55
2	15	55
2	16	55
2	17	55
2	18	57
2	19	62
2	20	62
2	21	61
2	22	66
2	23	64
2	24	55
2	25	54
2	26	54
2	27	53
2	28	53
2	29	55
2	30	54
2	31	55
2	32	59
2	33	53
2	34	53
2	35	53
2	36	54
2	37	54
2	38	54
2	39	54
2	40	54
3	1	135
3	2	144
3	3	135
3	4	141
3	5	143
3	6	59
3	7	56
3	8	55
3	9	55
3	10	54
3	11	53
3	12	54
3	13	53
3	14	55
3	15	56
3	16	55
3	17	55
3	18	54
3	19	54
3	20	54
3	21	56
3	22	59
3	23	56
3	24	55
3	25	55
3	26	55
3	27	54
3	28	55
3	29	56
3	30	55
3	31	55
3	32	55
3	33	55
3	34	56
3	35	55
3	36	55
3	37	55
3	38	55
3	39	55
3	40	56
4	1	142
4	2	136
4	3	143
4	4	141
4	5	143
4	6	59
4	7	55
4	8	55
4	9	55
4	10	62
4	11	58
4	12	54
4	13	55
4	14	53
4	15	54
4	16	57
4	17	53
4	18	54
4	19	53
4	20	54
4	21	54
4	22	54
4	23	53
4	24	54
4	25	53
4	26	54
4	27	54
4	28	53
4	29	54
4	30	54
4	31	54
4	32	58
4	33	53
4	34	53
4	35	53
4	36	54
4	37	54
4	38	53
4	39	54
4	40	53
5	1	139
5	2	99
5	3	93
5	4	96
5	5	137
5	6	61
5	7	54
5	8	54
5	9	53
5	10	56
5	11	56
5	12	56
5	13	59
5	14	56
5	15	56
5	16	55
5	17	55
5	18	55
5	19	56
5	20	55
5	21	55
5	22	55
5	23	56
5	24	54
5	25	55
5	26	58
5	27	53
5	28	54
5	29	54
5	30	55
5	31	55
5	32	56
5	33	55
5	34	56
5	35	55
5	36	57
5	37	55
5	38	54
5	39	58
5	40	55
6	1	142
6	2	136
6	3	134
6	4	122
6	5	143
6	6	55
6	7	56
6	8	58
6	9	57
6	10	56
6	11	59
6	12	56
6	13	55
6	14	55
6	15	56
6	16	55
6	17	55
6	18	55
6	19	56
6	20	55
6	21	55
6	22	57
6	23	55
6	24	54
6	25	53
6	26	54
6	27	53
6	28	54
6	29	53
6	30	53
6	31	53
6	32	57
6	33	53
6	34	53
6	35	53
6	36	54
6	37	53
6	38	53
6	39	54
6	40	53
7	1	141
7	2	140
7	3	141
7	4	138
7	5	136
7	6	59
7	7	54
7	8	54
7	9	55
7	10	59
7	11	56
7	12	53
7	13	55
7	14	55
7	15	53
7	16	53
7	17	54
7	18	53
7	19	59
7	20	56
7	21	54
7	22	56
7	23	54
7	24	54
7	25	57
7	26	56
7	27	56
7	28	57
7	29	54
7	30	55
7	31	56
7	32	55
7	33	55
7	34	57
7	35	55
7	36	55
7	37	58
7	38	55
7	39	56
7	40	55
8	1	138
8	2	138
8	3	137
8	4	139
8	5	68
8	6	53
8	7	53
8	8	57
8	9	53
8	10	54
8	11	53
8	12	54
8	13	53
8	14	53
8	15	53
8	16	57
8	17	53
8	18	53
8	19	54
8	20	54
8	21	53
8	22	53
8	23	53
8	24	56
8	25	53
8	26	53
8	27	53
8	28	53
8	29	53
8	30	53
8	31	53
8	32	57
8	33	53
8	34	53
8	35	54
8	36	53
8	37	53
8	38	53
8	39	53
8	40	57
9	1	138
9	2	140
9	3	138
9	4	145
9	5	144
9	6	61
9	7	57
9	8	60
9	9	55
9	10	55
9	11	54
9	12	57
9	13	54
9	14	53
9	15	58
9	16	56
9	17	54
9	18	54
9	19	58
9	20	56
9	21	55
9	22	58
9	23	56
9	24	55
9	25	55
9	26	58
9	27	55
9	28	55
9	29	59
9	30	56
9	31	54
9	32	55
9	33	57
9	34	56
9	35	55
9	36	58
9	37	55
9	38	56
9	39	55
9	40	57
10	1	139
10	2	143
10	3	146
10	4	105
10	5	138
10	6	62
10	7	60
10	8	56
10	9	56
10	10	56
10	11	53
10	12	54
10	13	58
10	14	55
10	15	55
10	16	55
10	17	57
10	18	55
10	19	55
10	20	59
10	21	55
10	22	54
10	23	53
10	24	54
10	25	54
10	26	57
10	27	55
10	28	58
10	29	54
10	30	53
10	31	54
10	32	58
10	33	53
10	34	53
10	35	53
10	36	53
10	37	53
10	38	53
10	39	57
10	40	53
11	1	136
11	2	139
11	3	96
11	4	138
11	5	141
11	6	62
11	7	54
11	8	53
11	9	61
11	10	63
11	11	69
11	12	70
11	13	68
11	14	60
11	15	55
11	16	56
11	17	55
11	18	63
11	19	67
11	20	68
11	21	64
11	22	66
11	23	64
11	24	60
11	25	55
11	26	54
11	27	64
11	28	64
11	29	61
11	30	64
11	31	59
11	32	65
11	33	56
11	34	55
11	35	58
11	36	58
11	37	60
11	38	64
11	39	58
11	40	59
12	1	141
12	2	138
12	3	138
12	4	138
12	5	135
12	6	64
12	7	57
12	8	57
12	9	54
12	10	54
12	11	57
12	12	54
12	13	53
12	14	53
12	15	53
12	16	57
12	17	53
12	18	53
12	19	53
12	20	53
12	21	53
12	22	58
12	23	54
12	24	53
12	25	53
12	26	53
12	27	57
12	28	54
12	29	53
12	30	54
12	31	54
12	32	58
12	33	54
12	34	53
12	35	54
12	36	54
12	37	54
12	38	57
12	39	54
12	40	54
13	1	139
13	2	143
13	3	142
13	4	142
13	5	142
13	6	61
13	7	59
13	8	54
13	9	56
13	10	57
13	11	53
13	12	53
13	13	53
13	14	53
13	15	57
13	16	54
13	17	53
13	18	54
13	19	53
13	20	57
13	21	54
13	22	53
13	23	55
13	24	55
13	25	59
13	26	54
13	27	56
13	28	56
13	29	56
13	30	59
13	31	55
13	32	56
13	33	55
13	34	54
13	35	58
13	36	55
13	37	56
13	38	55
13	39	55
13	40	58
14	1	140
14	2	142
14	3	136
14	4	120
14	5	146
14	6	62
14	7	59
14	8	55
14	9	55
14	10	58
14	11	55
14	12	54
14	13	53
14	14	59
14	15	55
14	16	57
14	17	55
14	18	55
14	19	58
14	20	56
14	21	55
14	22	54
14	23	58
14	24	55
14	25	54
14	26	53
14	27	54
14	28	57
14	29	54
14	30	54
14	31	54
14	32	57
14	33	53
14	34	54
14	35	53
14	36	53
14	37	57
14	38	53
14	39	53
14	40	53
15	1	143
15	2	144
15	3	125
15	4	133
15	5	140
15	6	59
15	7	57
15	8	56
15	9	59
15	10	58
15	11	55
15	12	54
15	13	59
15	14	56
15	15	53
15	16	55
15	17	56
15	18	64
15	19	63
15	20	61
15	21	63
15	22	69
15	23	62
15	24	56
15	25	55
15	26	58
15	27	63
15	28	61
15	29	65
15	30	66
15	31	61
15	32	62
15	33	57
15	34	56
15	35	58
15	36	61
15	37	61
15	38	63
15	39	67
15	40	65
16	1	139
16	2	112
16	3	108
16	4	60
16	5	55
16	6	53
16	7	53
16	8	57
16	9	53
16	10	53
16	11	53
16	12	57
16	13	53
16	14	53
16	15	53
16	16	56
16	17	53
16	18	53
16	19	53
16	20	57
16	21	53
16	22	53
16	23	53
16	24	57
16	25	53
16	26	53
16	27	53
16	28	57
16	29	53
16	30	54
16	31	53
16	32	57
16	33	53
16	34	53
16	35	54
16	36	57
16	37	54
16	38	53
16	39	53
16	40	57
17	1	139
17	2	134
17	3	138
17	4	146
17	5	146
17	6	58
17	7	56
17	8	59
17	9	58
17	10	55
17	11	55
17	12	59
17	13	58
17	14	56
17	15	55
17	16	61
17	17	56
17	18	55
17	19	59
17	20	57
17	21	56
17	22	56
17	23	59
17	24	58
17	25	56
17	26	56
17	27	57
17	28	58
17	29	56
17	30	55
17	31	59
17	32	55
17	33	55
17	34	58
17	35	56
17	36	55
17	37	55
17	38	59
17	39	55
17	40	55
18	1	86
18	2	98
18	3	144
18	4	140
18	5	111
18	6	59
18	7	56
18	8	61
18	9	56
18	10	55
18	11	59
18	12	56
18	13	55
18	14	55
18	15	59
18	16	53
18	17	54
18	18	58
18	19	55
18	20	54
18	21	54
18	22	57
18	23	56
18	24	54
18	25	57
18	26	54
18	27	53
18	28	55
18	29	59
18	30	55
18	31	56
18	32	59
18	33	53
18	34	53
18	35	53
18	36	57
18	37	54
18	38	54
18	39	54
18	40	57
19	1	200
19	2	172
19	3	173
19	4	157
19	5	174
19	6	59
19	7	58
19	8	54
19	9	54
19	10	55
19	11	57
19	12	54
19	13	55
19	14	58
19	15	54
19	16	53
19	17	57
19	18	55
19	19	54
19	20	57
19	21	59
19	22	54
19	23	54
19	24	58
19	25	54
19	26	54
19	27	58
19	28	58
19	29	56
19	30	60
19	31	58
19	32	55
19	33	55
19	34	59
19	35	55
19	36	57
19	37	57
19	38	64
19	39	63
19	40	65
20	1	198
20	2	163
20	3	179
20	4	187
20	5	201
20	6	61
20	7	59
20	8	55
20	9	54
20	10	57
20	11	56
20	12	55
20	13	57
20	14	55
20	15	53
20	16	57
20	17	53
20	18	53
20	19	53
20	20	58
20	21	54
20	22	54
20	23	57
20	24	54
20	25	53
20	26	58
20	27	54
20	28	53
20	29	57
20	30	54
20	31	54
20	32	58
20	33	54
20	34	53
20	35	53
20	36	59
20	37	54
20	38	54
20	39	58
20	40	54
21	1	185
21	2	176
21	3	137
21	4	134
21	5	148
21	6	60
21	7	58
21	8	54
21	9	56
21	10	57
21	11	55
21	12	55
21	13	58
21	14	54
21	15	55
21	16	58
21	17	54
21	18	53
21	19	58
21	20	55
21	21	54
21	22	58
21	23	54
21	24	55
21	25	58
21	26	55
21	27	54
21	28	60
21	29	55
21	30	56
21	31	59
21	32	55
21	33	55
21	34	58
21	35	54
21	36	55
21	37	59
21	38	54
21	39	55
21	40	58
22	1	162
22	2	171
22	3	167
22	4	179
22	5	193
22	6	65
22	7	54
22	8	53
22	9	61
22	10	65
22	11	66
22	12	63
22	13	64
22	14	72
22	15	60
22	16	54
22	17	54
22	18	61
22	19	61
22	20	56
22	21	63
22	22	57
22	23	63
22	24	58
22	25	54
22	26	54
22	27	65
22	28	55
22	29	55
22	30	57
22	31	54
22	32	57
22	33	54
22	34	53
22	35	57
22	36	55
22	37	54
22	38	58
22	39	55
22	40	56
23	1	142
23	2	140
23	3	155
23	4	183
23	5	178
23	6	66
23	7	55
23	8	54
23	9	68
23	10	64
23	11	62
23	12	71
23	13	64
23	14	67
23	15	55
23	16	54
23	17	58
23	18	61
23	19	60
23	20	70
23	21	65
23	22	68
23	23	77
23	24	60
23	25	55
23	26	57
23	27	62
23	28	72
23	29	70
23	30	68
23	31	75
23	32	62
23	33	59
23	34	58
23	35	54
23	36	59
23	37	66
23	38	58
23	39	70
23	40	61
24	1	201
24	2	149
24	3	176
24	4	142
24	5	118
24	6	57
24	7	54
24	8	57
24	9	54
24	10	53
24	11	57
24	12	53
24	13	54
24	14	58
24	15	53
24	16	57
24	17	53
24	18	53
24	19	58
24	20	54
24	21	53
24	22	60
24	23	53
24	24	58
24	25	53
24	26	53
24	27	58
24	28	53
24	29	54
24	30	58
24	31	55
24	32	57
24	33	53
24	34	56
24	35	57
24	36	54
24	37	54
24	38	57
24	39	54
24	40	57
25	1	196
25	2	170
25	3	153
25	4	185
25	5	56
25	6	63
25	7	55
25	8	58
25	9	65
25	10	64
25	11	61
25	12	67
25	13	75
25	14	62
25	15	57
25	16	58
25	17	54
25	18	66
25	19	63
25	20	67
25	21	70
25	22	63
25	23	66
25	24	63
25	25	54
25	26	61
25	27	59
25	28	63
25	29	68
25	30	62
25	31	68
25	32	59
25	33	56
25	34	60
25	35	55
25	36	61
25	37	59
25	38	61
25	39	63
25	40	58
26	1	183
26	2	176
26	3	177
26	4	145
26	5	167
26	6	61
26	7	56
26	8	57
26	9	56
26	10	59
26	11	54
26	12	56
26	13	60
26	14	54
26	15	58
26	16	53
26	17	54
26	18	59
26	19	57
26	20	58
26	21	54
26	22	54
26	23	58
26	24	55
26	25	57
26	26	53
26	27	53
26	28	58
26	29	56
26	30	57
26	31	54
26	32	57
26	33	53
26	34	53
26	35	57
26	36	53
26	37	58
26	38	55
26	39	55
26	40	58
27	1	159
27	2	158
27	3	159
27	4	114
27	5	134
27	6	57
27	7	56
27	8	58
27	9	55
27	10	58
27	11	53
27	12	57
27	13	55
27	14	54
27	15	56
27	16	54
27	17	56
27	18	54
27	19	57
27	20	55
27	21	55
27	22	58
27	23	54
27	24	59
27	25	54
27	26	54
27	27	57
27	28	54
27	29	57
27	30	55
27	31	60
27	32	54
27	33	55
27	34	58
27	35	55
27	36	57
27	37	54
27	38	59
27	39	55
27	40	55
28	1	170
28	2	170
28	3	191
28	4	139
28	5	176
28	6	60
28	7	58
28	8	54
28	9	55
28	10	57
28	11	56
28	12	57
28	13	53
28	14	59
28	15	53
28	16	57
28	17	53
28	18	54
28	19	57
28	20	55
28	21	57
28	22	53
28	23	57
28	24	53
28	25	54
28	26	56
28	27	55
28	28	57
28	29	54
28	30	58
28	31	54
28	32	57
28	33	54
28	34	54
28	35	57
28	36	54
28	37	57
28	38	54
28	39	58
28	40	55
29	1	200
29	2	118
29	3	130
29	4	176
29	5	184
29	6	59
29	7	57
29	8	53
29	9	61
29	10	54
29	11	54
29	12	59
29	13	54
29	14	63
29	15	57
29	16	58
29	17	54
29	18	57
29	19	55
29	20	57
29	21	55
29	22	54
29	23	59
29	24	54
29	25	58
29	26	55
29	27	65
29	28	65
29	29	69
29	30	69
29	31	73
29	32	77
29	33	58
29	34	62
29	35	56
29	36	66
29	37	70
29	38	68
29	39	80
29	40	74
30	1	198
30	2	141
30	3	171
30	4	161
30	5	127
30	6	62
30	7	58
30	8	54
30	9	64
30	10	59
30	11	68
30	12	63
30	13	67
30	14	67
30	15	60
30	16	55
30	17	54
30	18	61
30	19	60
30	20	62
30	21	59
30	22	57
30	23	55
30	24	68
30	25	54
30	26	58
30	27	55
30	28	59
30	29	58
30	30	58
30	31	54
30	32	57
30	33	54
30	34	53
30	35	57
30	36	54
30	37	57
30	38	54
30	39	57
30	40	54
31	1	203
31	2	154
31	3	131
31	4	190
31	5	189
31	6	60
31	7	59
31	8	53
31	9	59
31	10	54
31	11	61
31	12	57
31	13	59
31	14	57
31	15	59
31	16	56
31	17	57
31	18	58
31	19	68
31	20	65
31	21	70
31	22	62
31	23	68
31	24	56
31	25	57
31	26	53
31	27	61
31	28	63
31	29	69
31	30	66
31	31	72
31	32	64
31	33	57
31	34	58
31	35	54
31	36	64
31	37	61
31	38	67
31	39	90
31	40	61
32	1	191
32	2	170
32	3	118
32	4	87
32	5	56
32	6	57
32	7	53
32	8	56
32	9	54
32	10	57
32	11	53
32	12	57
32	13	53
32	14	57
32	15	54
32	16	57
32	17	53
32	18	56
32	19	54
32	20	57
32	21	54
32	22	56
32	23	53
32	24	57
32	25	54
32	26	58
32	27	53
32	28	57
32	29	54
32	30	60
32	31	54
32	32	57
32	33	54
32	34	57
32	35	54
32	36	57
32	37	54
32	38	57
32	39	54
32	40	56
33	1	197
33	2	176
33	3	179
33	4	175
33	5	177
33	6	174
33	7	173
33	8	175
33	9	160
33	10	159
33	11	183
33	12	174
33	13	172
33	14	173
33	15	174
33	16	148
33	17	161
33	18	152
33	19	143
33	20	145
33	21	128
33	22	167
33	23	133
33	24	159
33	25	143
33	26	158
33	27	176
33	28	151
33	29	163
33	30	172
33	31	153
33	32	151
33	33	159
33	34	116
33	35	126
33	36	124
33	37	132
33	38	120
33	39	160
33	40	134
34	1	146
34	2	162
34	3	173
34	4	183
34	5	125
34	6	172
34	7	168
34	8	178
34	9	141
34	10	172
34	11	148
34	12	153
34	13	154
34	14	184
34	15	184
34	16	153
34	17	164
34	18	137
34	19	148
34	20	147
34	21	133
34	22	112
34	23	113
34	24	97
34	25	84
34	26	124
34	27	86
34	28	96
34	29	84
34	30	74
34	31	80
34	32	68
34	33	55
34	34	77
34	35	72
34	36	67
34	37	57
34	38	73
34	39	55
34	40	66
35	1	197
35	2	179
35	3	148
35	4	172
35	5	118
35	6	174
35	7	168
35	8	172
35	9	104
35	10	175
35	11	173
35	12	154
35	13	155
35	14	166
35	15	184
35	16	150
35	17	160
35	18	163
35	19	167
35	20	154
35	21	147
35	22	167
35	23	153
35	24	176
35	25	164
35	26	173
35	27	161
35	28	171
35	29	149
35	30	167
35	31	156
35	32	147
35	33	155
35	34	154
35	35	165
35	36	133
35	37	142
35	38	129
35	39	167
35	40	130
36	1	193
36	2	175
36	3	173
36	4	175
36	5	161
36	6	172
36	7	178
36	8	139
36	9	145
36	10	170
36	11	86
36	12	104
36	13	99
36	14	75
36	15	77
36	16	94
36	17	69
36	18	74
36	19	97
36	20	73
36	21	69
36	22	81
36	23	103
36	24	77
36	25	80
36	26	69
36	27	69
36	28	55
36	29	59
36	30	74
36	31	64
36	32	59
36	33	72
36	34	60
36	35	70
36	36	66
36	37	75
36	38	58
36	39	55
36	40	58
37	1	204
37	2	157
37	3	181
37	4	179
37	5	174
37	6	111
37	7	140
37	8	149
37	9	194
37	10	174
37	11	149
37	12	180
37	13	180
37	14	176
37	15	153
37	16	157
37	17	169
37	18	175
37	19	173
37	20	175
37	21	181
37	22	167
37	23	154
37	24	160
37	25	164
37	26	169
37	27	175
37	28	161
37	29	165
37	30	165
37	31	161
37	32	167
37	33	157
37	34	145
37	35	159
37	36	115
37	37	126
37	38	127
37	39	116
37	40	145
38	1	168
38	2	179
38	3	150
38	4	126
38	5	173
38	6	175
38	7	158
38	8	158
38	9	172
38	10	167
38	11	178
38	12	171
38	13	150
38	14	171
38	15	168
38	16	149
38	17	141
38	18	98
38	19	146
38	20	120
38	21	166
38	22	97
38	23	123
38	24	92
38	25	110
38	26	89
38	27	77
38	28	55
38	29	76
38	30	64
38	31	86
38	32	96
38	33	62
38	34	59
38	35	55
38	36	74
38	37	55
38	38	66
38	39	66
38	40	81
39	1	184
39	2	142
39	3	99
39	4	104
39	5	194
39	6	177
39	7	179
39	8	180
39	9	160
39	10	146
39	11	160
39	12	180
39	13	170
39	14	144
39	15	178
39	16	154
39	17	161
39	18	148
39	19	182
39	20	176
39	21	165
39	22	173
39	23	183
39	24	171
39	25	175
39	26	147
39	27	179
39	28	166
39	29	177
39	30	183
39	31	173
39	32	168
39	33	158
39	34	145
39	35	135
39	36	160
39	37	126
39	38	142
39	39	126
39	40	107
40	1	165
40	2	169
40	3	173
40	4	59
40	5	109
40	6	153
40	7	101
40	8	59
40	9	75
40	10	77
40	11	102
40	12	59
40	13	59
40	14	55
40	15	66
40	16	89
40	17	64
40	18	77
40	19	86
40	20	59
40	21	72
40	22	55
40	23	59
40	24	59
40	25	64
40	26	68
40	27	55
40	28	59
40	29	58
40	30	64
40	31	59
40	32	75
40	33	70
40	34	58
40	35	81
40	36	66
40	37	58
40	38	55
40	39	65
40	40	67
41	1	170
41	2	175
41	3	140
41	4	123
41	5	159
41	6	142
41	7	180
41	8	178
41	9	172
41	10	133
41	11	159
41	12	135
41	13	123
41	14	147
41	15	150
41	16	125
41	17	133
41	18	176
41	19	157
41	20	129
41	21	139
41	22	151
41	23	166
41	24	140
41	25	172
41	26	153
41	27	156
41	28	157
41	29	117
41	30	171
41	31	171
41	32	165
41	33	121
41	34	162
41	35	118
41	36	129
41	37	135
41	38	110
41	39	124
41	40	122
42	1	206
42	2	90
42	3	152
42	4	115
42	5	169
42	6	128
42	7	185
42	8	188
42	9	170
42	10	168
42	11	179
42	12	146
42	13	139
42	14	163
42	15	186
42	16	187
42	17	164
42	18	119
42	19	179
42	20	180
42	21	128
42	22	94
42	23	128
42	24	95
42	25	65
42	26	71
42	27	61
42	28	81
42	29	70
42	30	78
42	31	92
42	32	81
42	33	63
42	34	58
42	35	60
42	36	81
42	37	73
42	38	69
42	39	65
42	40	70
43	1	138
43	2	179
43	3	182
43	4	110
43	5	185
43	6	148
43	7	165
43	8	192
43	9	184
43	10	170
43	11	174
43	12	180
43	13	174
43	14	179
43	15	121
43	16	164
43	17	181
43	18	169
43	19	163
43	20	178
43	21	178
43	22	176
43	23	159
43	24	170
43	25	173
43	26	173
43	27	175
43	28	168
43	29	173
43	30	168
43	31	154
43	32	162
43	33	151
43	34	121
43	35	115
43	36	157
43	37	122
43	38	134
43	39	109
43	40	148
44	1	180
44	2	176
44	3	142
44	4	187
44	5	177
44	6	171
44	7	165
44	8	137
44	9	106
44	10	149
44	11	180
44	12	125
44	13	70
44	14	75
44	15	91
44	16	83
44	17	69
44	18	70
44	19	59
44	20	67
44	21	58
44	22	59
44	23	65
44	24	73
44	25	75
44	26	73
44	27	67
44	28	75
44	29	62
44	30	59
44	31	65
44	32	59
44	33	55
44	34	66
44	35	59
44	36	61
44	37	65
44	38	65
44	39	55
44	40	64
45	1	197
45	2	77
45	3	163
45	4	169
45	5	175
45	6	107
45	7	110
45	8	188
45	9	149
45	10	176
45	11	177
45	12	169
45	13	176
45	14	186
45	15	178
45	16	162
45	17	172
45	18	151
45	19	165
45	20	175
45	21	182
45	22	169
45	23	166
45	24	178
45	25	170
45	26	161
45	27	143
45	28	182
45	29	161
45	30	178
45	31	170
45	32	179
45	33	169
45	34	129
45	35	160
45	36	178
45	37	126
45	38	135
45	39	122
45	40	122
46	1	146
46	2	177
46	3	180
46	4	194
46	5	178
46	6	177
46	7	185
46	8	173
46	9	173
46	10	167
46	11	154
46	12	183
46	13	177
46	14	172
46	15	156
46	16	179
46	17	117
46	18	164
46	19	117
46	20	179
46	21	129
46	22	157
46	23	103
46	24	74
46	25	71
46	26	106
46	27	93
46	28	77
46	29	74
46	30	71
46	31	59
46	32	78
46	33	55
46	34	59
46	35	68
46	36	61
46	37	69
46	38	65
46	39	59
46	40	55
47	1	142
47	2	172
47	3	143
47	4	175
47	5	184
47	6	133
47	7	186
47	8	178
47	9	171
47	10	159
47	11	179
47	12	163
47	13	172
47	14	147
47	15	186
47	16	177
47	17	175
47	18	176
47	19	180
47	20	162
47	21	173
47	22	167
47	23	181
47	24	175
47	25	179
47	26	184
47	27	164
47	28	149
47	29	168
47	30	168
47	31	174
47	32	181
47	33	151
47	34	172
47	35	172
47	36	138
47	37	141
47	38	154
47	39	126
47	40	145
48	1	205
48	2	119
48	3	117
48	4	95
48	5	76
48	6	64
48	7	101
48	8	97
48	9	55
48	10	68
48	11	64
48	12	74
48	13	80
48	14	83
48	15	59
48	16	59
48	17	63
48	18	68
48	19	59
48	20	59
48	21	64
48	22	79
48	23	75
48	24	75
48	25	67
48	26	74
48	27	58
48	28	68
48	29	60
48	30	71
48	31	59
48	32	58
48	33	59
48	34	74
48	35	59
48	36	59
48	37	64
48	38	67
48	39	62
48	40	58
49	1	210
49	2	179
49	3	188
49	4	189
49	5	188
49	6	154
49	7	157
49	8	189
49	9	182
49	10	179
49	11	174
49	12	195
49	13	179
49	14	174
49	15	162
49	16	167
49	17	173
49	18	183
49	19	176
49	20	174
49	21	175
49	22	171
49	23	152
49	24	158
49	25	151
49	26	156
49	27	171
49	28	165
49	29	181
49	30	171
49	31	160
49	32	158
49	33	156
49	34	137
49	35	162
49	36	142
49	37	138
49	38	153
49	39	153
49	40	179
50	1	209
50	2	179
50	3	186
50	4	185
50	5	198
50	6	173
50	7	154
50	8	163
50	9	144
50	10	147
50	11	153
50	12	141
50	13	174
50	14	170
50	15	159
50	16	123
50	17	154
50	18	116
50	19	140
50	20	133
50	21	96
50	22	132
50	23	106
50	24	94
50	25	99
50	26	117
50	27	103
50	28	66
50	29	67
50	30	75
50	31	82
50	32	69
50	33	55
50	34	60
50	35	59
50	36	63
50	37	55
50	38	71
50	39	63
50	40	63
51	1	197
51	2	180
51	3	181
51	4	185
51	5	177
51	6	166
51	7	145
51	8	168
51	9	154
51	10	183
51	11	183
51	12	186
51	13	181
51	14	175
51	15	188
51	16	174
51	17	166
51	18	173
51	19	184
51	20	175
51	21	157
51	22	158
51	23	182
51	24	182
51	25	163
51	26	152
51	27	185
51	28	190
51	29	184
51	30	178
51	31	181
51	32	182
51	33	148
51	34	136
51	35	137
51	36	164
51	37	143
51	38	138
51	39	124
51	40	115
52	1	153
52	2	174
52	3	177
52	4	143
52	5	111
52	6	123
52	7	187
52	8	187
52	9	186
52	10	143
52	11	96
52	12	113
52	13	100
52	14	58
52	15	65
52	16	68
52	17	55
52	18	78
52	19	64
52	20	66
52	21	59
52	22	68
52	23	65
52	24	58
52	25	62
52	26	59
52	27	64
52	28	86
52	29	58
52	30	65
52	31	59
52	32	62
52	33	58
52	34	59
52	35	68
52	36	61
52	37	61
52	38	58
52	39	65
52	40	59
53	1	145
53	2	142
53	3	108
53	4	107
53	5	137
53	6	141
53	7	144
53	8	139
53	9	143
53	10	137
53	11	141
53	12	135
53	13	141
53	14	124
53	15	127
53	16	138
53	17	138
53	18	141
53	19	147
53	20	137
53	21	148
53	22	148
53	23	151
53	24	135
53	25	139
53	26	135
53	27	124
53	28	135
53	29	137
53	30	136
53	31	146
53	32	129
53	33	134
53	34	133
53	35	120
53	36	105
53	37	116
53	38	120
53	39	98
53	40	107
54	1	139
54	2	139
54	3	126
54	4	138
54	5	146
54	6	148
54	7	143
54	8	144
54	9	149
54	10	142
54	11	141
54	12	87
54	13	138
54	14	134
54	15	144
54	16	141
54	17	89
54	18	128
54	19	126
54	20	95
54	21	89
54	22	104
54	23	112
54	24	146
54	25	94
54	26	58
54	27	71
54	28	68
54	29	67
54	30	74
54	31	66
54	32	59
54	33	55
54	34	62
54	35	62
54	36	58
54	37	65
54	38	65
54	39	82
54	40	61
55	1	145
55	2	107
55	3	142
55	4	140
55	5	138
55	6	138
55	7	140
55	8	142
55	9	147
55	10	144
55	11	148
55	12	123
55	13	143
55	14	134
55	15	138
55	16	145
55	17	146
55	18	134
55	19	136
55	20	148
55	21	138
55	22	143
55	23	142
55	24	132
55	25	150
55	26	139
55	27	147
55	28	151
55	29	142
55	30	141
55	31	140
55	32	125
55	33	136
55	34	123
55	35	124
55	36	131
55	37	111
55	38	102
55	39	99
55	40	132
56	1	144
56	2	145
56	3	142
56	4	150
56	5	142
56	6	143
56	7	73
56	8	74
56	9	55
56	10	58
56	11	59
56	12	59
56	13	68
56	14	59
56	15	63
56	16	63
56	17	55
56	18	59
56	19	62
56	20	59
56	21	62
56	22	62
56	23	62
56	24	66
56	25	60
56	26	62
56	27	59
56	28	61
56	29	61
56	30	62
56	31	59
56	32	64
56	33	60
56	34	62
56	35	60
56	36	62
56	37	59
56	38	63
56	39	61
56	40	61
57	1	143
57	2	150
57	3	152
57	4	128
57	5	149
57	6	153
57	7	146
57	8	143
57	9	144
57	10	140
57	11	150
57	12	148
57	13	150
57	14	127
57	15	148
57	16	137
57	17	145
57	18	141
57	19	146
57	20	149
57	21	155
57	22	133
57	23	143
57	24	134
57	25	138
57	26	141
57	27	145
57	28	146
57	29	124
57	30	129
57	31	127
57	32	145
57	33	141
57	34	142
57	35	119
57	36	112
57	37	138
57	38	139
57	39	126
57	40	108
58	1	136
58	2	146
58	3	83
58	4	146
58	5	143
58	6	149
58	7	135
58	8	145
58	9	148
58	10	144
58	11	151
58	12	136
58	13	145
58	14	146
58	15	143
58	16	147
58	17	120
58	18	136
58	19	108
58	20	102
58	21	134
58	22	93
58	23	100
58	24	92
58	25	82
58	26	69
58	27	78
58	28	63
58	29	73
58	30	62
58	31	58
58	32	69
58	33	65
58	34	60
58	35	60
58	36	59
58	37	58
58	38	62
58	39	60
58	40	60
59	1	140
59	2	69
59	3	148
59	4	138
59	5	102
59	6	148
59	7	142
59	8	145
59	9	142
59	10	145
59	11	147
59	12	143
59	13	144
59	14	133
59	15	147
59	16	150
59	17	145
59	18	146
59	19	145
59	20	105
59	21	130
59	22	150
59	23	146
59	24	127
59	25	137
59	26	143
59	27	146
59	28	139
59	29	147
59	30	125
59	31	146
59	32	137
59	33	124
59	34	117
59	35	126
59	36	115
59	37	116
59	38	115
59	39	89
59	40	106
60	1	144
60	2	145
60	3	116
60	4	137
60	5	142
60	6	146
60	7	141
60	8	145
60	9	144
60	10	125
60	11	141
60	12	66
60	13	63
60	14	73
60	15	68
60	16	59
60	17	57
60	18	58
60	19	61
60	20	62
60	21	59
60	22	60
60	23	59
60	24	61
60	25	60
60	26	59
60	27	60
60	28	59
60	29	59
60	30	63
60	31	59
60	32	60
60	33	55
60	34	59
60	35	60
60	36	59
60	37	60
60	38	62
60	39	60
60	40	58
61	1	140
61	2	62
61	3	143
61	4	144
61	5	142
61	6	145
61	7	139
61	8	127
61	9	153
61	10	147
61	11	124
61	12	156
61	13	146
61	14	146
61	15	149
61	16	143
61	17	148
61	18	145
61	19	148
61	20	133
61	21	148
61	22	140
61	23	142
61	24	144
61	25	152
61	26	145
61	27	148
61	28	145
61	29	139
61	30	140
61	31	130
61	32	136
61	33	137
61	34	123
61	35	105
61	36	124
61	37	101
61	38	119
61	39	127
61	40	113
62	1	147
62	2	70
62	3	58
62	4	147
62	5	149
62	6	153
62	7	134
62	8	146
62	9	152
62	10	152
62	11	150
62	12	147
62	13	128
62	14	149
62	15	153
62	16	141
62	17	147
62	18	126
62	19	139
62	20	109
62	21	108
62	22	108
62	23	109
62	24	69
62	25	80
62	26	79
62	27	58
62	28	68
62	29	68
62	30	67
62	31	69
62	32	59
62	33	56
62	34	59
62	35	59
62	36	59
62	37	59
62	38	58
62	39	59
62	40	59
63	1	141
63	2	147
63	3	143
63	4	145
63	5	104
63	6	146
63	7	145
63	8	142
63	9	138
63	10	148
63	11	128
63	12	154
63	13	154
63	14	111
63	15	152
63	16	146
63	17	139
63	18	116
63	19	148
63	20	149
63	21	142
63	22	144
63	23	147
63	24	144
63	25	148
63	26	146
63	27	137
63	28	145
63	29	149
63	30	137
63	31	144
63	32	119
63	33	124
63	34	133
63	35	122
63	36	117
63	37	89
63	38	112
63	39	109
63	40	107
64	1	103
64	2	99
64	3	146
64	4	69
64	5	59
64	6	59
64	7	59
64	8	59
64	9	58
64	10	59
64	11	59
64	12	59
64	13	58
64	14	59
64	15	58
64	16	59
64	17	59
64	18	59
64	19	59
64	20	59
64	21	58
64	22	58
64	23	59
64	24	58
64	25	60
64	26	101
64	27	109
64	28	58
64	29	59
64	30	59
64	31	59
64	32	58
64	33	59
64	34	59
64	35	59
64	36	65
64	37	59
64	38	59
64	39	59
64	40	58
