# arm64 load-stride trigger sweep
# timer: cntvct_el0 ticks
# ENABLE_CPP_RCTX=1
# stride_lines train_step avg_ticks
1	1	114
1	2	113
1	3	118
1	4	112
1	5	113
1	6	113
1	7	115
1	8	114
1	9	113
1	10	116
1	11	114
1	12	114
1	13	111
1	14	115
1	15	110
1	16	109
1	17	33
1	18	33
1	19	32
1	20	33
1	21	33
1	22	32
1	23	33
1	24	32
1	25	33
1	26	33
1	27	33
1	28	33
1	29	33
1	30	33
1	31	33
1	32	33
1	33	33
1	34	33
1	35	32
1	36	33
1	37	33
1	38	33
1	39	33
1	40	32
2	1	113
2	2	114
2	3	114
2	4	114
2	5	112
2	6	115
2	7	119
2	8	116
2	9	114
2	10	113
2	11	114
2	12	109
2	13	106
2	14	108
2	15	107
2	16	111
2	17	110
2	18	111
2	19	110
2	20	113
2	21	109
2	22	113
2	23	34
2	24	33
2	25	33
2	26	34
2	27	33
2	28	33
2	29	33
2	30	33
2	31	33
2	32	33
2	33	33
2	34	33
2	35	33
2	36	33
2	37	33
2	38	33
2	39	33
2	40	33
3	1	116
3	2	114
3	3	115
3	4	113
3	5	111
3	6	114
3	7	112
3	8	114
3	9	115
3	10	111
3	11	118
3	12	116
3	13	115
3	14	114
3	15	112
3	16	109
3	17	110
3	18	112
3	19	115
3	20	109
3	21	112
3	22	110
3	23	34
3	24	33
3	25	33
3	26	34
3	27	33
3	28	33
3	29	33
3	30	33
3	31	33
3	32	33
3	33	33
3	34	33
3	35	33
3	36	33
3	37	33
3	38	33
3	39	33
3	40	33
4	1	113
4	2	114
4	3	114
4	4	110
4	5	108
4	6	107
4	7	109
4	8	114
4	9	114
4	10	116
4	11	115
4	12	112
4	13	115
4	14	111
4	15	112
4	16	110
4	17	113
4	18	116
4	19	115
4	20	118
4	21	121
4	22	116
4	23	35
4	24	33
4	25	33
4	26	34
4	27	33
4	28	33
4	29	33
4	30	33
4	31	33
4	32	33
4	33	33
4	34	33
4	35	33
4	36	33
4	37	33
4	38	33
4	39	32
4	40	33
5	1	118
5	2	121
5	3	116
5	4	114
5	5	111
5	6	110
5	7	117
5	8	122
5	9	113
5	10	111
5	11	109
5	12	111
5	13	117
5	14	111
5	15	110
5	16	114
5	17	114
5	18	113
5	19	114
5	20	111
5	21	112
5	22	114
5	23	34
5	24	34
5	25	34
5	26	34
5	27	33
5	28	33
5	29	33
5	30	33
5	31	33
5	32	33
5	33	33
5	34	33
5	35	33
5	36	33
5	37	33
5	38	33
5	39	33
5	40	33
6	1	115
6	2	113
6	3	114
6	4	109
6	5	108
6	6	111
6	7	111
6	8	113
6	9	108
6	10	107
6	11	111
6	12	115
6	13	112
6	14	116
6	15	113
6	16	107
6	17	111
6	18	110
6	19	117
6	20	113
6	21	114
6	22	117
6	23	34
6	24	34
6	25	33
6	26	34
6	27	33
6	28	33
6	29	33
6	30	33
6	31	33
6	32	33
6	33	33
6	34	33
6	35	33
6	36	33
6	37	33
6	38	33
6	39	33
6	40	33
7	1	118
7	2	120
7	3	114
7	4	114
7	5	113
7	6	113
7	7	111
7	8	111
7	9	112
7	10	113
7	11	112
7	12	117
7	13	117
7	14	113
7	15	113
7	16	118
7	17	114
7	18	117
7	19	121
7	20	116
7	21	124
7	22	120
7	23	34
7	24	33
7	25	33
7	26	33
7	27	34
7	28	33
7	29	33
7	30	33
7	31	33
7	32	33
7	33	33
7	34	33
7	35	33
7	36	33
7	37	33
7	38	33
7	39	33
7	40	33
8	1	114
8	2	111
8	3	111
8	4	115
8	5	116
8	6	109
8	7	110
8	8	117
8	9	117
8	10	116
8	11	116
8	12	113
8	13	111
8	14	114
8	15	114
8	16	116
8	17	116
8	18	116
8	19	116
8	20	120
8	21	119
8	22	114
8	23	34
8	24	33
8	25	33
8	26	33
8	27	33
8	28	33
8	29	33
8	30	33
8	31	33
8	32	33
8	33	33
8	34	33
8	35	33
8	36	33
8	37	33
8	38	33
8	39	33
8	40	33
9	1	113
9	2	114
9	3	115
9	4	115
9	5	114
9	6	105
9	7	110
9	8	117
9	9	117
9	10	116
9	11	116
9	12	112
9	13	114
9	14	116
9	15	119
9	16	112
9	17	113
9	18	119
9	19	118
9	20	115
9	21	116
9	22	123
9	23	34
9	24	34
9	25	34
9	26	34
9	27	34
9	28	34
9	29	33
9	30	33
9	31	33
9	32	33
9	33	33
9	34	33
9	35	33
9	36	33
9	37	33
9	38	33
9	39	33
9	40	33
10	1	121
10	2	111
10	3	110
10	4	116
10	5	110
10	6	106
10	7	113
10	8	118
10	9	114
10	10	113
10	11	116
10	12	114
10	13	122
10	14	117
10	15	113
10	16	117
10	17	113
10	18	116
10	19	116
10	20	117
10	21	115
10	22	112
10	23	34
10	24	34
10	25	33
10	26	34
10	27	33
10	28	33
10	29	33
10	30	33
10	31	33
10	32	33
10	33	33
10	34	33
10	35	33
10	36	33
10	37	33
10	38	33
10	39	32
10	40	33
11	1	116
11	2	115
11	3	118
11	4	119
11	5	112
11	6	110
11	7	113
11	8	118
11	9	118
11	10	115
11	11	113
11	12	117
11	13	118
11	14	117
11	15	117
11	16	112
11	17	112
11	18	122
11	19	113
11	20	113
11	21	118
11	22	113
11	23	34
11	24	33
11	25	33
11	26	33
11	27	34
11	28	33
11	29	33
11	30	33
11	31	33
11	32	33
11	33	33
11	34	33
11	35	33
11	36	33
11	37	33
11	38	33
11	39	33
11	40	33
12	1	116
12	2	115
12	3	118
12	4	118
12	5	113
12	6	114
12	7	118
12	8	113
12	9	115
12	10	116
12	11	121
12	12	115
12	13	115
12	14	118
12	15	117
12	16	118
12	17	116
12	18	118
12	19	122
12	20	113
12	21	116
12	22	111
12	23	34
12	24	33
12	25	33
12	26	33
12	27	33
12	28	33
12	29	33
12	30	33
12	31	33
12	32	33
12	33	33
12	34	33
12	35	33
12	36	33
12	37	33
12	38	33
12	39	33
12	40	33
13	1	114
13	2	111
13	3	114
13	4	113
13	5	117
13	6	110
13	7	113
13	8	111
13	9	115
13	10	123
13	11	123
13	12	114
13	13	121
13	14	113
13	15	119
13	16	112
13	17	113
13	18	117
13	19	116
13	20	110
13	21	115
13	22	112
13	23	34
13	24	34
13	25	34
13	26	33
13	27	34
13	28	33
13	29	33
13	30	33
13	31	33
13	32	33
13	33	33
13	34	33
13	35	33
13	36	33
13	37	33
13	38	33
13	39	33
13	40	33
14	1	118
14	2	113
14	3	115
14	4	112
14	5	112
14	6	112
14	7	112
14	8	116
14	9	116
14	10	119
14	11	119
14	12	118
14	13	115
14	14	121
14	15	117
14	16	119
14	17	114
14	18	120
14	19	114
14	20	114
14	21	116
14	22	116
14	23	34
14	24	34
14	25	33
14	26	33
14	27	33
14	28	33
14	29	33
14	30	33
14	31	33
14	32	33
14	33	33
14	34	33
14	35	33
14	36	33
14	37	33
14	38	33
14	39	33
14	40	33
15	1	113
15	2	109
15	3	112
15	4	108
15	5	112
15	6	109
15	7	110
15	8	113
15	9	120
15	10	114
15	11	116
15	12	114
15	13	117
15	14	112
15	15	114
15	16	111
15	17	112
15	18	112
15	19	115
15	20	110
15	21	116
15	22	109
15	23	34
15	24	34
15	25	33
15	26	33
15	27	34
15	28	33
15	29	33
15	30	33
15	31	33
15	32	33
15	33	33
15	34	33
15	35	33
15	36	33
15	37	33
15	38	33
15	39	33
15	40	33
16	1	111
16	2	113
16	3	117
16	4	115
16	5	124
16	6	115
16	7	115
16	8	121
16	9	115
16	10	120
16	11	132
16	12	141
16	13	137
16	14	143
16	15	133
16	16	107
16	17	125
16	18	143
16	19	155
16	20	149
16	21	161
16	22	156
16	23	36
16	24	34
16	25	34
16	26	34
16	27	34
16	28	33
16	29	33
16	30	33
16	31	33
16	32	33
16	33	33
16	34	33
16	35	33
16	36	34
16	37	33
16	38	33
16	39	33
16	40	33
17	1	142
17	2	151
17	3	147
17	4	144
17	5	131
17	6	121
17	7	143
17	8	149
17	9	147
17	10	147
17	11	147
17	12	153
17	13	150
17	14	144
17	15	143
17	16	131
17	17	140
17	18	154
17	19	151
17	20	159
17	21	155
17	22	149
17	23	36
17	24	34
17	25	34
17	26	34
17	27	33
17	28	33
17	29	33
17	30	33
17	31	33
17	32	33
17	33	33
17	34	33
17	35	33
17	36	33
17	37	33
17	38	33
17	39	33
17	40	33
18	1	155
18	2	154
18	3	146
18	4	153
18	5	119
18	6	142
18	7	148
18	8	151
18	9	149
18	10	144
18	11	150
18	12	137
18	13	145
18	14	139
18	15	140
18	16	127
18	17	156
18	18	151
18	19	149
18	20	174
18	21	153
18	22	156
18	23	36
18	24	35
18	25	36
18	26	34
18	27	34
18	28	34
18	29	33
18	30	33
18	31	33
18	32	33
18	33	33
18	34	33
18	35	33
18	36	33
18	37	33
18	38	33
18	39	33
18	40	33
19	1	149
19	2	150
19	3	146
19	4	131
19	5	135
19	6	144
19	7	148
19	8	147
19	9	148
19	10	143
19	11	145
19	12	155
19	13	146
19	14	145
19	15	127
19	16	151
19	17	142
19	18	150
19	19	147
19	20	162
19	21	153
19	22	150
19	23	41
19	24	34
19	25	35
19	26	34
19	27	34
19	28	34
19	29	33
19	30	33
19	31	33
19	32	33
19	33	33
19	34	33
19	35	33
19	36	33
19	37	33
19	38	33
19	39	33
19	40	33
20	1	108
20	2	111
20	3	107
20	4	114
20	5	107
20	6	109
20	7	115
20	8	116
20	9	110
20	10	113
20	11	110
20	12	110
20	13	109
20	14	108
20	15	106
20	16	107
20	17	109
20	18	106
20	19	113
20	20	111
20	21	117
20	22	112
20	23	34
20	24	34
20	25	35
20	26	33
20	27	33
20	28	33
20	29	33
20	30	33
20	31	33
20	32	34
20	33	33
20	34	33
20	35	33
20	36	33
20	37	33
20	38	33
20	39	33
20	40	33
21	1	106
21	2	110
21	3	109
21	4	119
21	5	106
21	6	113
21	7	117
21	8	115
21	9	110
21	10	113
21	11	113
21	12	115
21	13	112
21	14	108
21	15	113
21	16	111
21	17	109
21	18	113
21	19	122
21	20	118
21	21	113
21	22	112
21	23	34
21	24	33
21	25	34
21	26	35
21	27	33
21	28	33
21	29	33
21	30	33
21	31	33
21	32	33
21	33	33
21	34	33
21	35	33
21	36	33
21	37	33
21	38	33
21	39	33
21	40	33
22	1	110
22	2	114
22	3	109
22	4	111
22	5	112
22	6	114
22	7	115
22	8	114
22	9	122
22	10	113
22	11	112
22	12	113
22	13	114
22	14	111
22	15	111
22	16	111
22	17	111
22	18	117
22	19	114
22	20	114
22	21	113
22	22	112
22	23	34
22	24	34
22	25	33
22	26	34
22	27	34
22	28	33
22	29	33
22	30	33
22	31	33
22	32	33
22	33	33
22	34	34
22	35	33
22	36	33
22	37	33
22	38	33
22	39	33
22	40	33
23	1	111
23	2	112
23	3	116
23	4	114
23	5	111
23	6	114
23	7	116
23	8	117
23	9	123
23	10	115
23	11	115
23	12	117
23	13	110
23	14	116
23	15	114
23	16	110
23	17	115
23	18	120
23	19	117
23	20	117
23	21	115
23	22	112
23	23	34
23	24	33
23	25	33
23	26	33
23	27	34
23	28	33
23	29	33
23	30	33
23	31	33
23	32	33
23	33	33
23	34	33
23	35	33
23	36	33
23	37	33
23	38	33
23	39	33
23	40	33
24	1	108
24	2	112
24	3	117
24	4	112
24	5	112
24	6	112
24	7	113
24	8	118
24	9	115
24	10	116
24	11	116
24	12	109
24	13	112
24	14	115
24	15	110
24	16	117
24	17	110
24	18	113
24	19	117
24	20	113
24	21	113
24	22	113
24	23	35
24	24	34
24	25	33
24	26	33
24	27	33
24	28	33
24	29	33
24	30	33
24	31	33
24	32	34
24	33	33
24	34	33
24	35	33
24	36	33
24	37	34
24	38	33
24	39	33
24	40	33
25	1	110
25	2	110
25	3	111
25	4	112
25	5	111
25	6	114
25	7	112
25	8	117
25	9	116
25	10	114
25	11	115
25	12	110
25	13	110
25	14	115
25	15	112
25	16	116
25	17	116
25	18	112
25	19	114
25	20	115
25	21	115
25	22	115
25	23	35
25	24	34
25	25	33
25	26	33
25	27	34
25	28	33
25	29	33
25	30	33
25	31	33
25	32	33
25	33	33
25	34	33
25	35	33
25	36	33
25	37	33
25	38	33
25	39	33
25	40	33
26	1	110
26	2	112
26	3	112
26	4	109
26	5	119
26	6	112
26	7	112
26	8	113
26	9	116
26	10	111
26	11	111
26	12	112
26	13	113
26	14	110
26	15	120
26	16	118
26	17	111
26	18	116
26	19	115
26	20	115
26	21	115
26	22	118
26	23	35
26	24	34
26	25	34
26	26	34
26	27	33
26	28	33
26	29	33
26	30	33
26	31	33
26	32	33
26	33	33
26	34	33
26	35	33
26	36	33
26	37	33
26	38	33
26	39	33
26	40	33
27	1	112
27	2	109
27	3	117
27	4	111
27	5	119
27	6	113
27	7	113
27	8	114
27	9	113
27	10	111
27	11	109
27	12	109
27	13	113
27	14	112
27	15	116
27	16	115
27	17	113
27	18	109
27	19	114
27	20	112
27	21	115
27	22	113
27	23	34
27	24	34
27	25	33
27	26	33
27	27	33
27	28	35
27	29	33
27	30	33
27	31	33
27	32	33
27	33	33
27	34	33
27	35	33
27	36	33
27	37	33
27	38	33
27	39	33
27	40	33
28	1	112
28	2	111
28	3	119
28	4	113
28	5	119
28	6	119
28	7	116
28	8	117
28	9	119
28	10	114
28	11	115
28	12	116
28	13	112
28	14	117
28	15	117
28	16	114
28	17	113
28	18	110
28	19	113
28	20	112
28	21	112
28	22	110
28	23	35
28	24	34
28	25	34
28	26	33
28	27	33
28	28	33
28	29	33
28	30	33
28	31	33
28	32	33
28	33	33
28	34	33
28	35	33
28	36	33
28	37	33
28	38	33
28	39	33
28	40	33
29	1	112
29	2	112
29	3	118
29	4	113
29	5	116
29	6	117
29	7	119
29	8	117
29	9	113
29	10	110
29	11	118
29	12	115
29	13	113
29	14	117
29	15	116
29	16	121
29	17	114
29	18	114
29	19	112
29	20	112
29	21	114
29	22	114
29	23	34
29	24	34
29	25	34
29	26	34
29	27	33
29	28	34
29	29	33
29	30	33
29	31	33
29	32	33
29	33	33
29	34	33
29	35	33
29	36	33
29	37	33
29	38	33
29	39	33
29	40	33
30	1	110
30	2	111
30	3	115
30	4	112
30	5	117
30	6	114
30	7	115
30	8	112
30	9	112
30	10	112
30	11	113
30	12	109
30	13	125
30	14	120
30	15	113
30	16	114
30	17	115
30	18	113
30	19	113
30	20	115
30	21	115
30	22	115
30	23	34
30	24	34
30	25	34
30	26	33
30	27	33
30	28	33
30	29	33
30	30	33
30	31	33
30	32	33
30	33	33
30	34	33
30	35	33
30	36	33
30	37	33
30	38	33
30	39	33
30	40	33
31	1	115
31	2	108
31	3	119
31	4	113
31	5	116
31	6	114
31	7	115
31	8	112
31	9	112
31	10	116
31	11	115
31	12	114
31	13	120
31	14	113
31	15	116
31	16	116
31	17	119
31	18	114
31	19	109
31	20	111
31	21	115
31	22	115
31	23	35
31	24	33
31	25	34
31	26	33
31	27	34
31	28	34
31	29	33
31	30	33
31	31	33
31	32	33
31	33	33
31	34	33
31	35	33
31	36	33
31	37	33
31	38	34
31	39	33
31	40	33
32	1	113
32	2	114
32	3	110
32	4	115
32	5	120
32	6	117
32	7	120
32	8	109
32	9	107
32	10	110
32	11	113
32	12	118
32	13	120
32	14	115
32	15	112
32	16	118
32	17	116
32	18	113
32	19	114
32	20	118
32	21	118
32	22	113
32	23	34
32	24	34
32	25	33
32	26	33
32	27	33
32	28	33
32	29	33
32	30	33
32	31	33
32	32	33
32	33	33
32	34	32
32	35	33
32	36	33
32	37	33
32	38	34
32	39	33
32	40	33
33	1	118
33	2	112
33	3	117
33	4	117
33	5	117
33	6	123
33	7	114
33	8	115
33	9	106
33	10	109
33	11	109
33	12	116
33	13	117
33	14	122
33	15	110
33	16	115
33	17	114
33	18	114
33	19	110
33	20	113
33	21	112
33	22	111
33	23	35
33	24	34
33	25	34
33	26	34
33	27	33
33	28	33
33	29	33
33	30	33
33	31	33
33	32	33
33	33	33
33	34	33
33	35	33
33	36	33
33	37	33
33	38	33
33	39	33
33	40	33
34	1	115
34	2	115
34	3	114
34	4	120
34	5	117
34	6	117
34	7	116
34	8	119
34	9	112
34	10	115
34	11	115
34	12	118
34	13	113
34	14	117
34	15	115
34	16	121
34	17	120
34	18	113
34	19	114
34	20	110
34	21	112
34	22	110
34	23	35
34	24	34
34	25	33
34	26	33
34	27	33
34	28	33
34	29	33
34	30	33
34	31	33
34	32	33
34	33	33
34	34	33
34	35	33
34	36	33
34	37	33
34	38	33
34	39	33
34	40	33
35	1	114
35	2	112
35	3	112
35	4	121
35	5	117
35	6	118
35	7	119
35	8	114
35	9	114
35	10	115
35	11	120
35	12	121
35	13	114
35	14	115
35	15	117
35	16	114
35	17	121
35	18	115
35	19	113
35	20	114
35	21	115
35	22	111
35	23	35
35	24	34
35	25	34
35	26	33
35	27	33
35	28	34
35	29	33
35	30	33
35	31	33
35	32	33
35	33	33
35	34	33
35	35	33
35	36	33
35	37	33
35	38	33
35	39	33
35	40	33
36	1	116
36	2	117
36	3	111
36	4	117
36	5	113
36	6	116
36	7	117
36	8	112
36	9	111
36	10	109
36	11	117
36	12	114
36	13	118
36	14	114
36	15	115
36	16	113
36	17	114
36	18	115
36	19	116
36	20	111
36	21	114
36	22	114
36	23	34
36	24	34
36	25	33
36	26	34
36	27	33
36	28	33
36	29	33
36	30	33
36	31	33
36	32	33
36	33	33
36	34	33
36	35	33
36	36	33
36	37	34
36	38	33
36	39	34
36	40	33
37	1	116
37	2	110
37	3	111
37	4	115
37	5	114
37	6	118
37	7	112
37	8	111
37	9	110
37	10	109
37	11	119
37	12	118
37	13	117
37	14	120
37	15	116
37	16	115
37	17	118
37	18	116
37	19	115
37	20	111
37	21	123
37	22	117
37	23	35
37	24	33
37	25	34
37	26	33
37	27	33
37	28	33
37	29	33
37	30	33
37	31	33
37	32	33
37	33	33
37	34	33
37	35	33
37	36	33
37	37	33
37	38	33
37	39	33
37	40	33
38	1	120
38	2	119
38	3	116
38	4	116
38	5	113
38	6	119
38	7	110
38	8	113
38	9	114
38	10	112
38	11	117
38	12	117
38	13	115
38	14	114
38	15	114
38	16	116
38	17	116
38	18	113
38	19	114
38	20	113
38	21	112
38	22	111
38	23	34
38	24	34
38	25	34
38	26	33
38	27	33
38	28	33
38	29	33
38	30	33
38	31	33
38	32	33
38	33	33
38	34	33
38	35	33
38	36	33
38	37	33
38	38	33
38	39	33
38	40	33
39	1	115
39	2	113
39	3	115
39	4	117
39	5	118
39	6	117
39	7	116
39	8	116
39	9	115
39	10	121
39	11	118
39	12	117
39	13	116
39	14	116
39	15	113
39	16	114
39	17	114
39	18	116
39	19	113
39	20	117
39	21	111
39	22	114
39	23	34
39	24	33
39	25	33
39	26	34
39	27	33
39	28	33
39	29	33
39	30	33
39	31	33
39	32	33
39	33	33
39	34	33
39	35	33
39	36	33
39	37	33
39	38	33
39	39	33
39	40	33
40	1	118
40	2	121
40	3	116
40	4	122
40	5	118
40	6	116
40	7	118
40	8	115
40	9	111
40	10	115
40	11	115
40	12	116
40	13	119
40	14	118
40	15	117
40	16	122
40	17	117
40	18	119
40	19	115
40	20	115
40	21	113
40	22	112
40	23	34
40	24	34
40	25	34
40	26	34
40	27	33
40	28	33
40	29	33
40	30	33
40	31	33
40	32	33
40	33	33
40	34	33
40	35	33
40	36	33
40	37	33
40	38	33
40	39	33
40	40	33
41	1	112
41	2	116
41	3	118
41	4	122
41	5	118
41	6	114
41	7	115
41	8	112
41	9	117
41	10	120
41	11	114
41	12	112
41	13	118
41	14	115
41	15	115
41	16	115
41	17	113
41	18	117
41	19	117
41	20	111
41	21	117
41	22	113
41	23	35
41	24	33
41	25	33
41	26	33
41	27	33
41	28	33
41	29	33
41	30	33
41	31	33
41	32	33
41	33	33
41	34	33
41	35	33
41	36	33
41	37	33
41	38	33
41	39	33
41	40	33
42	1	116
42	2	121
42	3	114
42	4	121
42	5	116
42	6	117
42	7	110
42	8	117
42	9	114
42	10	122
42	11	114
42	12	115
42	13	117
42	14	116
42	15	114
42	16	117
42	17	113
42	18	115
42	19	114
42	20	118
42	21	117
42	22	115
42	23	34
42	24	34
42	25	33
42	26	33
42	27	33
42	28	33
42	29	33
42	30	33
42	31	33
42	32	33
42	33	34
42	34	33
42	35	33
42	36	33
42	37	33
42	38	33
42	39	33
42	40	33
43	1	110
43	2	114
43	3	117
43	4	114
43	5	119
43	6	110
43	7	109
43	8	114
43	9	118
43	10	114
43	11	115
43	12	112
43	13	112
43	14	118
43	15	115
43	16	112
43	17	114
43	18	113
43	19	110
43	20	115
43	21	109
43	22	109
43	23	35
43	24	34
43	25	34
43	26	34
43	27	33
43	28	34
43	29	33
43	30	33
43	31	33
43	32	33
43	33	33
43	34	33
43	35	33
43	36	33
43	37	33
43	38	33
43	39	33
43	40	33
44	1	119
44	2	116
44	3	123
44	4	119
44	5	115
44	6	112
44	7	112
44	8	115
44	9	117
44	10	117
44	11	113
44	12	113
44	13	114
44	14	113
44	15	114
44	16	116
44	17	112
44	18	115
44	19	116
44	20	115
44	21	117
44	22	117
44	23	35
44	24	34
44	25	34
44	26	33
44	27	33
44	28	33
44	29	33
44	30	33
44	31	33
44	32	33
44	33	33
44	34	33
44	35	33
44	36	33
44	37	33
44	38	33
44	39	33
44	40	33
45	1	111
45	2	116
45	3	123
45	4	119
45	5	122
45	6	114
45	7	118
45	8	114
45	9	118
45	10	117
45	11	116
45	12	111
45	13	118
45	14	112
45	15	115
45	16	116
45	17	114
45	18	115
45	19	115
45	20	113
45	21	115
45	22	111
45	23	34
45	24	34
45	25	34
45	26	33
45	27	33
45	28	33
45	29	33
45	30	33
45	31	33
45	32	33
45	33	33
45	34	33
45	35	33
45	36	33
45	37	33
45	38	33
45	39	33
45	40	33
46	1	107
46	2	116
46	3	121
46	4	120
46	5	119
46	6	122
46	7	118
46	8	113
46	9	122
46	10	119
46	11	118
46	12	114
46	13	115
46	14	121
46	15	117
46	16	114
46	17	119
46	18	113
46	19	121
46	20	115
46	21	121
46	22	110
46	23	36
46	24	34
46	25	34
46	26	33
46	27	34
46	28	33
46	29	33
46	30	33
46	31	33
46	32	33
46	33	33
46	34	33
46	35	33
46	36	33
46	37	33
46	38	33
46	39	33
46	40	33
47	1	110
47	2	115
47	3	121
47	4	120
47	5	120
47	6	116
47	7	114
47	8	119
47	9	120
47	10	119
47	11	119
47	12	109
47	13	113
47	14	117
47	15	115
47	16	116
47	17	115
47	18	115
47	19	117
47	20	112
47	21	119
47	22	108
47	23	36
47	24	34
47	25	34
47	26	33
47	27	33
47	28	33
47	29	33
47	30	33
47	31	33
47	32	33
47	33	33
47	34	33
47	35	33
47	36	33
47	37	33
47	38	33
47	39	33
47	40	33
48	1	110
48	2	109
48	3	115
48	4	117
48	5	113
48	6	110
48	7	114
48	8	119
48	9	115
48	10	116
48	11	117
48	12	110
48	13	113
48	14	118
48	15	115
48	16	120
48	17	111
48	18	115
48	19	115
48	20	136
48	21	118
48	22	112
48	23	37
48	24	34
48	25	33
48	26	33
48	27	33
48	28	33
48	29	33
48	30	33
48	31	33
48	32	33
48	33	33
48	34	33
48	35	33
48	36	33
48	37	33
48	38	33
48	39	33
48	40	33
49	1	107
49	2	109
49	3	116
49	4	116
49	5	118
49	6	111
49	7	118
49	8	118
49	9	114
49	10	116
49	11	115
49	12	112
49	13	113
49	14	118
49	15	116
49	16	114
49	17	119
49	18	120
49	19	110
49	20	122
49	21	117
49	22	116
49	23	37
49	24	34
49	25	33
49	26	34
49	27	33
49	28	33
49	29	33
49	30	33
49	31	33
49	32	33
49	33	33
49	34	33
49	35	33
49	36	33
49	37	33
49	38	33
49	39	33
49	40	33
50	1	112
50	2	109
50	3	119
50	4	123
50	5	119
50	6	116
50	7	117
50	8	114
50	9	113
50	10	114
50	11	116
50	12	115
50	13	113
50	14	112
50	15	111
50	16	115
50	17	115
50	18	113
50	19	112
50	20	118
50	21	114
50	22	114
50	23	37
50	24	34
50	25	34
50	26	33
50	27	33
50	28	33
50	29	33
50	30	33
50	31	33
50	32	33
50	33	33
50	34	33
50	35	33
50	36	33
50	37	33
50	38	33
50	39	33
50	40	33
51	1	110
51	2	110
51	3	115
51	4	119
51	5	117
51	6	118
51	7	113
51	8	117
51	9	118
51	10	115
51	11	119
51	12	118
51	13	112
51	14	111
51	15	117
51	16	112
51	17	116
51	18	114
51	19	117
51	20	115
51	21	113
51	22	118
51	23	36
51	24	34
51	25	34
51	26	33
51	27	33
51	28	33
51	29	33
51	30	33
51	31	33
51	32	33
51	33	33
51	34	33
51	35	33
51	36	33
51	37	33
51	38	33
51	39	33
51	40	33
52	1	116
52	2	112
52	3	116
52	4	117
52	5	115
52	6	119
52	7	116
52	8	125
52	9	121
52	10	120
52	11	119
52	12	118
52	13	114
52	14	114
52	15	119
52	16	117
52	17	116
52	18	114
52	19	119
52	20	119
52	21	119
52	22	119
52	23	35
52	24	35
52	25	33
52	26	33
52	27	33
52	28	33
52	29	33
52	30	33
52	31	33
52	32	33
52	33	33
52	34	33
52	35	33
52	36	33
52	37	33
52	38	33
52	39	33
52	40	33
53	1	111
53	2	115
53	3	112
53	4	114
53	5	112
53	6	115
53	7	112
53	8	115
53	9	115
53	10	113
53	11	863
53	12	864
53	13	114
53	14	114
53	15	112
53	16	118
53	17	108
53	18	113
53	19	119
53	20	110
53	21	114
53	22	111
53	23	34
53	24	34
53	25	33
53	26	33
53	27	33
53	28	33
53	29	33
53	30	33
53	31	33
53	32	33
53	33	33
53	34	33
53	35	783
53	36	33
53	37	33
53	38	33
53	39	33
53	40	33
54	1	109
54	2	117
54	3	117
54	4	113
54	5	116
54	6	116
54	7	116
54	8	120
54	9	118
54	10	118
54	11	119
54	12	114
54	13	116
54	14	110
54	15	111
54	16	116
54	17	115
54	18	122
54	19	112
54	20	112
54	21	117
54	22	115
54	23	34
54	24	34
54	25	34
54	26	33
54	27	33
54	28	34
54	29	33
54	30	33
54	31	34
54	32	33
54	33	33
54	34	33
54	35	33
54	36	33
54	37	33
54	38	33
54	39	33
54	40	33
55	1	113
55	2	116
55	3	120
55	4	114
55	5	116
55	6	115
55	7	121
55	8	118
55	9	118
55	10	119
55	11	118
55	12	116
55	13	114
55	14	114
55	15	109
55	16	117
55	17	115
55	18	118
55	19	117
55	20	118
55	21	114
55	22	110
55	23	34
55	24	34
55	25	35
55	26	33
55	27	33
55	28	33
55	29	33
55	30	33
55	31	33
55	32	33
55	33	33
55	34	33
55	35	33
55	36	33
55	37	33
55	38	33
55	39	33
55	40	33
56	1	113
56	2	116
56	3	119
56	4	120
56	5	114
56	6	115
56	7	119
56	8	118
56	9	116
56	10	116
56	11	114
56	12	117
56	13	120
56	14	113
56	15	116
56	16	114
56	17	120
56	18	118
56	19	112
56	20	120
56	21	117
56	22	108
56	23	35
56	24	34
56	25	35
56	26	33
56	27	33
56	28	33
56	29	33
56	30	33
56	31	33
56	32	33
56	33	33
56	34	33
56	35	33
56	36	33
56	37	33
56	38	33
56	39	32
56	40	33
57	1	114
57	2	119
57	3	117
57	4	116
57	5	117
57	6	115
57	7	122
57	8	119
57	9	118
57	10	115
57	11	116
57	12	118
57	13	113
57	14	113
57	15	113
57	16	115
57	17	119
57	18	112
57	19	116
57	20	116
57	21	117
57	22	115
57	23	35
57	24	34
57	25	35
57	26	33
57	27	33
57	28	33
57	29	33
57	30	33
57	31	33
57	32	33
57	33	33
57	34	33
57	35	33
57	36	33
57	37	33
57	38	33
57	39	33
57	40	33
58	1	112
58	2	117
58	3	120
58	4	119
58	5	108
58	6	116
58	7	116
58	8	121
58	9	118
58	10	114
58	11	113
58	12	118
58	13	116
58	14	117
58	15	112
58	16	114
58	17	118
58	18	121
58	19	118
58	20	121
58	21	120
58	22	116
58	23	34
58	24	34
58	25	34
58	26	33
58	27	33
58	28	33
58	29	33
58	30	33
58	31	33
58	32	33
58	33	33
58	34	33
58	35	33
58	36	33
58	37	33
58	38	33
58	39	33
58	40	33
59	1	116
59	2	121
59	3	121
59	4	119
59	5	111
59	6	111
59	7	113
59	8	115
59	9	115
59	10	113
59	11	118
59	12	114
59	13	113
59	14	116
59	15	113
59	16	114
59	17	120
59	18	112
59	19	118
59	20	116
59	21	119
59	22	118
59	23	34
59	24	34
59	25	34
59	26	33
59	27	33
59	28	33
59	29	33
59	30	33
59	31	33
59	32	33
59	33	33
59	34	33
59	35	33
59	36	33
59	37	33
59	38	33
59	39	33
59	40	33
60	1	113
60	2	115
60	3	119
60	4	115
60	5	112
60	6	114
60	7	125
60	8	119
60	9	116
60	10	118
60	11	118
60	12	120
60	13	119
60	14	118
60	15	109
60	16	117
60	17	111
60	18	116
60	19	115
60	20	111
60	21	116
60	22	118
60	23	34
60	24	34
60	25	34
60	26	34
60	27	33
60	28	33
60	29	33
60	30	33
60	31	33
60	32	33
60	33	33
60	34	33
60	35	33
60	36	33
60	37	34
60	38	33
60	39	33
60	40	33
61	1	114
61	2	119
61	3	118
61	4	116
61	5	113
61	6	113
61	7	114
61	8	114
61	9	117
61	10	113
61	11	117
61	12	120
61	13	115
61	14	118
61	15	117
61	16	118
61	17	113
61	18	119
61	19	117
61	20	116
61	21	122
61	22	116
61	23	34
61	24	34
61	25	35
61	26	33
61	27	33
61	28	33
61	29	33
61	30	33
61	31	33
61	32	33
61	33	33
61	34	33
61	35	33
61	36	33
61	37	33
61	38	33
61	39	33
61	40	33
62	1	113
62	2	115
62	3	119
62	4	120
62	5	113
62	6	113
62	7	116
62	8	121
62	9	112
62	10	113
62	11	118
62	12	114
62	13	121
62	14	118
62	15	113
62	16	120
62	17	117
62	18	118
62	19	115
62	20	111
62	21	123
62	22	120
62	23	35
62	24	34
62	25	34
62	26	35
62	27	34
62	28	33
62	29	33
62	30	33
62	31	33
62	32	33
62	33	33
62	34	33
62	35	33
62	36	33
62	37	33
62	38	33
62	39	33
62	40	33
63	1	111
63	2	116
63	3	117
63	4	121
63	5	116
63	6	114
63	7	117
63	8	118
63	9	116
63	10	114
63	11	116
63	12	114
63	13	116
63	14	118
63	15	116
63	16	111
63	17	111
63	18	119
63	19	116
63	20	115
63	21	122
63	22	118
63	23	35
63	24	34
63	25	34
63	26	34
63	27	33
63	28	33
63	29	33
63	30	33
63	31	33
63	32	33
63	33	33
63	34	33
63	35	35
63	36	33
63	37	33
63	38	33
63	39	33
63	40	33
64	1	112
64	2	117
64	3	118
64	4	111
64	5	109
64	6	115
64	7	116
64	8	116
64	9	115
64	10	121
64	11	117
64	12	120
64	13	115
64	14	113
64	15	119
64	16	110
64	17	118
64	18	117
64	19	114
64	20	119
64	21	120
64	22	119
64	23	35
64	24	34
64	25	34
64	26	36
64	27	33
64	28	33
64	29	33
64	30	33
64	31	33
64	32	33
64	33	33
64	34	33
64	35	33
64	36	33
64	37	33
64	38	33
64	39	33
64	40	33
