# store-stride interleaved entry-capacity test
# access pattern: for step in train_accesses, for page in active_pages, store page+step*stride
# store_pc=0x0000000500000120 stream_buffer=0x0000000600000000 page_size=4096
# stride_lines=5 stride_bytes=320 train_accesses=5 predicted_line=25
# max_pages=1024 rounds=1000 page_step=1
# lower avg_latency_ns means more predicted lines were prefetched
# n_pages	avg_latency_ns	probes
1	153	1000
2	199	2000
3	201	3000
4	202	4000
5	204	5000
6	199	6000
7	199	7000
8	200	8000
9	199	9000
10	198	10000
11	200	11000
12	201	12000
13	198	13000
14	200	14000
15	200	15000
16	201	16000
17	197	17000
18	200	18000
19	201	19000
20	200	20000
21	199	21000
22	201	22000
23	200	23000
24	201	24000
25	202	25000
26	200	26000
27	199	27000
28	200	28000
29	200	29000
30	200	30000
31	203	31000
32	200	32000
33	198	33000
34	201	34000
35	201	35000
36	200	36000
37	199	37000
38	200	38000
39	200	39000
40	200	40000
41	200	41000
42	199	42000
43	200	43000
44	200	44000
45	202	45000
46	200	46000
47	200	47000
48	200	48000
49	201	49000
50	201	50000
51	200	51000
52	201	52000
53	200	53000
54	200	54000
55	200	55000
56	200	56000
57	201	57000
58	200	58000
59	201	59000
60	200	60000
61	200	61000
62	200	62000
63	200	63000
64	200	64000
65	199	65000
66	200	66000
67	201	67000
68	199	68000
69	199	69000
70	199	70000
71	199	71000
72	200	72000
73	201	73000
74	200	74000
75	200	75000
76	200	76000
77	200	77000
78	200	78000
79	200	79000
80	199	80000
81	198	81000
82	199	82000
83	200	83000
84	200	84000
85	200	85000
86	199	86000
87	200	87000
88	199	88000
89	200	89000
90	200	90000
91	200	91000
92	200	92000
93	200	93000
94	200	94000
95	200	95000
96	200	96000
97	200	97000
98	199	98000
99	199	99000
100	200	100000
101	200	101000
102	200	102000
103	200	103000
104	200	104000
105	200	105000
106	199	106000
107	200	107000
108	200	108000
109	200	109000
110	200	110000
111	200	111000
112	200	112000
113	199	113000
114	199	114000
115	199	115000
116	201	116000
117	199	117000
118	200	118000
119	200	119000
120	200	120000
121	200	121000
122	200	122000
123	200	123000
124	200	124000
125	200	125000
126	200	126000
127	200	127000
128	200	128000
129	199	129000
130	200	130000
131	200	131000
132	200	132000
133	200	133000
134	199	134000
135	199	135000
136	200	136000
137	201	137000
138	200	138000
139	200	139000
140	200	140000
141	200	141000
142	200	142000
143	199	143000
144	200	144000
145	200	145000
146	200	146000
147	199	147000
148	200	148000
149	200	149000
150	200	150000
151	200	151000
152	200	152000
153	199	153000
154	200	154000
155	200	155000
156	201	156000
157	200	157000
158	200	158000
159	200	159000
160	200	160000
161	199	161000
162	200	162000
163	201	163000
164	200	164000
165	201	165000
166	200	166000
167	200	167000
168	200	168000
169	200	169000
170	200	170000
171	200	171000
172	200	172000
173	201	173000
174	200	174000
175	200	175000
176	200	176000
177	200	177000
178	199	178000
179	200	179000
180	200	180000
181	200	181000
182	200	182000
183	200	183000
184	200	184000
185	200	185000
186	200	186000
187	200	187000
188	200	188000
189	201	189000
190	200	190000
191	200	191000
192	199	192000
193	200	193000
194	200	194000
195	200	195000
196	199	196000
197	200	197000
198	200	198000
199	200	199000
200	200	200000
201	200	201000
202	200	202000
203	200	203000
204	200	204000
205	200	205000
206	200	206000
207	200	207000
208	200	208000
209	200	209000
210	200	210000
211	200	211000
212	200	212000
213	200	213000
214	200	214000
215	200	215000
216	200	216000
217	200	217000
218	200	218000
219	200	219000
220	200	220000
221	200	221000
222	200	222000
223	200	223000
224	200	224000
225	199	225000
226	200	226000
227	200	227000
228	200	228000
229	199	229000
230	200	230000
231	200	231000
232	200	232000
233	199	233000
234	200	234000
235	200	235000
236	200	236000
237	200	237000
238	200	238000
239	200	239000
240	200	240000
241	200	241000
242	200	242000
243	200	243000
244	200	244000
245	200	245000
246	200	246000
247	200	247000
248	200	248000
249	200	249000
250	200	250000
251	200	251000
252	200	252000
253	200	253000
254	200	254000
255	200	255000
256	200	256000
257	200	257000
258	200	258000
259	200	259000
260	200	260000
261	200	261000
262	200	262000
263	200	263000
264	200	264000
265	200	265000
266	200	266000
267	200	267000
268	200	268000
269	200	269000
270	200	270000
271	200	271000
272	200	272000
273	200	273000
274	201	274000
275	200	275000
276	200	276000
277	200	277000
278	201	278000
279	200	279000
280	200	280000
281	200	281000
282	200	282000
283	200	283000
284	200	284000
285	200	285000
286	200	286000
287	200	287000
288	200	288000
289	200	289000
290	200	290000
291	200	291000
292	200	292000
293	200	293000
294	200	294000
295	200	295000
296	200	296000
297	200	297000
298	199	298000
299	200	299000
300	200	300000
301	200	301000
302	200	302000
303	201	303000
304	200	304000
305	200	305000
306	200	306000
307	200	307000
308	200	308000
309	200	309000
310	200	310000
311	200	311000
312	200	312000
313	200	313000
314	200	314000
315	200	315000
316	200	316000
317	200	317000
318	200	318000
319	200	319000
320	200	320000
321	200	321000
322	200	322000
323	200	323000
324	200	324000
325	200	325000
326	200	326000
327	200	327000
328	200	328000
329	200	329000
330	199	330000
331	200	331000
332	200	332000
333	200	333000
334	200	334000
335	201	335000
336	200	336000
337	200	337000
338	200	338000
339	199	339000
340	200	340000
341	199	341000
342	200	342000
343	200	343000
344	200	344000
345	200	345000
346	200	346000
347	200	347000
348	200	348000
349	200	349000
350	200	350000
351	200	351000
352	200	352000
353	199	353000
354	200	354000
355	200	355000
356	200	356000
357	200	357000
358	200	358000
359	200	359000
360	200	360000
361	201	361000
362	200	362000
363	200	363000
364	200	364000
365	200	365000
366	200	366000
367	200	367000
368	200	368000
369	200	369000
370	200	370000
371	200	371000
372	200	372000
373	200	373000
374	200	374000
375	200	375000
376	200	376000
377	200	377000
378	200	378000
379	200	379000
380	200	380000
381	200	381000
382	200	382000
383	200	383000
384	200	384000
385	200	385000
386	200	386000
387	200	387000
388	200	388000
389	200	389000
390	200	390000
391	200	391000
392	200	392000
393	200	393000
394	200	394000
395	200	395000
396	200	396000
397	200	397000
398	200	398000
399	200	399000
400	200	400000
401	200	401000
402	200	402000
403	200	403000
404	200	404000
405	200	405000
406	200	406000
407	200	407000
408	200	408000
409	200	409000
410	200	410000
411	200	411000
412	200	412000
413	200	413000
414	200	414000
415	200	415000
416	200	416000
417	200	417000
418	200	418000
419	200	419000
420	200	420000
421	200	421000
422	200	422000
423	200	423000
424	200	424000
425	200	425000
426	200	426000
427	200	427000
428	200	428000
429	200	429000
430	200	430000
431	200	431000
432	200	432000
433	200	433000
434	200	434000
435	200	435000
436	200	436000
437	200	437000
438	200	438000
439	200	439000
440	200	440000
441	200	441000
442	199	442000
443	200	443000
444	200	444000
445	200	445000
446	200	446000
447	200	447000
448	200	448000
449	200	449000
450	201	450000
451	204	451000
452	200	452000
453	200	453000
454	200	454000
455	200	455000
456	200	456000
457	200	457000
458	200	458000
459	200	459000
460	200	460000
461	200	461000
462	200	462000
463	200	463000
464	200	464000
465	200	465000
466	200	466000
467	200	467000
468	201	468000
469	200	469000
470	200	470000
471	200	471000
472	200	472000
473	200	473000
474	201	474000
475	200	475000
476	200	476000
477	200	477000
478	200	478000
479	200	479000
480	200	480000
481	200	481000
482	200	482000
483	200	483000
484	200	484000
485	200	485000
486	200	486000
487	200	487000
488	200	488000
489	200	489000
490	200	490000
491	200	491000
492	200	492000
493	200	493000
494	200	494000
495	200	495000
496	200	496000
497	200	497000
498	200	498000
499	200	499000
500	200	500000
501	200	501000
502	200	502000
503	199	503000
504	200	504000
505	200	505000
506	200	506000
507	200	507000
508	200	508000
509	200	509000
510	200	510000
511	200	511000
512	200	512000
513	200	513000
514	200	514000
515	200	515000
516	200	516000
517	200	517000
518	200	518000
519	200	519000
520	200	520000
521	200	521000
522	200	522000
523	200	523000
524	200	524000
525	200	525000
526	200	526000
527	200	527000
528	200	528000
529	200	529000
530	200	530000
531	200	531000
532	200	532000
533	200	533000
534	200	534000
535	200	535000
536	200	536000
537	200	537000
538	200	538000
539	200	539000
540	200	540000
541	200	541000
542	200	542000
543	200	543000
544	200	544000
545	200	545000
546	200	546000
547	200	547000
548	200	548000
549	200	549000
550	200	550000
551	200	551000
552	200	552000
553	200	553000
554	200	554000
555	200	555000
556	200	556000
557	200	557000
558	200	558000
559	200	559000
560	200	560000
561	200	561000
562	200	562000
563	200	563000
564	200	564000
565	200	565000
566	200	566000
567	200	567000
568	200	568000
569	200	569000
570	200	570000
571	200	571000
572	200	572000
573	200	573000
574	200	574000
575	200	575000
576	200	576000
577	200	577000
578	200	578000
579	200	579000
580	200	580000
581	200	581000
582	200	582000
583	200	583000
584	200	584000
585	200	585000
586	200	586000
587	200	587000
588	200	588000
589	200	589000
590	200	590000
591	200	591000
592	200	592000
593	200	593000
594	200	594000
595	200	595000
596	200	596000
597	200	597000
598	200	598000
599	200	599000
600	200	600000
601	200	601000
602	200	602000
603	200	603000
604	200	604000
605	200	605000
606	200	606000
607	200	607000
608	200	608000
609	200	609000
610	200	610000
611	200	611000
612	200	612000
613	200	613000
614	200	614000
615	200	615000
616	200	616000
617	200	617000
618	200	618000
619	200	619000
620	200	620000
621	200	621000
622	200	622000
623	200	623000
624	200	624000
625	200	625000
626	200	626000
627	200	627000
628	200	628000
629	200	629000
630	200	630000
631	200	631000
632	200	632000
633	200	633000
634	200	634000
635	200	635000
636	200	636000
637	200	637000
638	200	638000
639	200	639000
640	200	640000
641	200	641000
642	200	642000
643	200	643000
644	200	644000
645	200	645000
646	200	646000
647	200	647000
648	200	648000
649	200	649000
650	200	650000
651	200	651000
652	200	652000
653	200	653000
654	200	654000
655	200	655000
656	200	656000
657	200	657000
658	200	658000
659	200	659000
660	200	660000
661	200	661000
662	200	662000
663	200	663000
664	200	664000
665	200	665000
666	200	666000
667	200	667000
668	200	668000
669	200	669000
670	200	670000
671	200	671000
672	200	672000
673	200	673000
674	200	674000
675	200	675000
676	200	676000
677	201	677000
678	200	678000
679	200	679000
680	200	680000
681	200	681000
682	200	682000
683	200	683000
684	200	684000
685	200	685000
686	200	686000
687	200	687000
688	200	688000
689	200	689000
690	200	690000
691	200	691000
692	200	692000
693	200	693000
694	200	694000
695	200	695000
696	200	696000
697	200	697000
698	200	698000
699	200	699000
700	200	700000
701	200	701000
702	200	702000
703	203	703000
704	200	704000
705	200	705000
706	200	706000
707	200	707000
708	200	708000
709	200	709000
710	200	710000
711	200	711000
712	200	712000
713	200	713000
714	200	714000
715	200	715000
716	200	716000
717	200	717000
718	200	718000
719	200	719000
720	200	720000
721	200	721000
722	200	722000
723	200	723000
724	200	724000
725	200	725000
726	200	726000
727	200	727000
728	200	728000
729	200	729000
730	200	730000
731	200	731000
732	200	732000
733	200	733000
734	200	734000
735	200	735000
736	200	736000
737	200	737000
738	200	738000
739	200	739000
740	200	740000
741	200	741000
742	200	742000
743	200	743000
744	200	744000
745	200	745000
746	200	746000
747	200	747000
748	200	748000
749	200	749000
750	200	750000
751	200	751000
752	200	752000
753	200	753000
754	200	754000
755	200	755000
756	200	756000
757	200	757000
758	200	758000
759	200	759000
760	200	760000
761	200	761000
762	200	762000
763	200	763000
764	200	764000
765	200	765000
766	200	766000
767	200	767000
768	200	768000
769	200	769000
770	200	770000
771	200	771000
772	200	772000
773	200	773000
774	200	774000
775	200	775000
776	200	776000
777	200	777000
778	200	778000
779	200	779000
780	200	780000
781	200	781000
782	200	782000
783	200	783000
784	200	784000
785	200	785000
786	200	786000
787	200	787000
788	200	788000
789	200	789000
790	200	790000
791	200	791000
792	200	792000
793	200	793000
794	200	794000
795	200	795000
796	200	796000
797	200	797000
798	200	798000
799	200	799000
800	200	800000
801	200	801000
802	200	802000
803	200	803000
804	200	804000
805	200	805000
806	200	806000
807	200	807000
808	200	808000
809	200	809000
810	200	810000
811	200	811000
812	200	812000
813	200	813000
814	200	814000
815	200	815000
816	200	816000
817	200	817000
818	200	818000
819	200	819000
820	200	820000
821	200	821000
822	200	822000
823	200	823000
824	200	824000
825	200	825000
826	200	826000
827	200	827000
828	200	828000
829	200	829000
830	200	830000
831	200	831000
832	200	832000
833	200	833000
834	200	834000
835	200	835000
836	200	836000
837	200	837000
838	200	838000
839	200	839000
840	200	840000
841	200	841000
842	200	842000
843	200	843000
844	200	844000
845	200	845000
846	200	846000
847	200	847000
848	200	848000
849	200	849000
850	200	850000
851	200	851000
852	200	852000
853	200	853000
854	200	854000
855	200	855000
856	200	856000
857	200	857000
858	200	858000
859	200	859000
860	200	860000
861	200	861000
862	200	862000
863	200	863000
864	200	864000
865	200	865000
866	200	866000
867	200	867000
868	200	868000
869	200	869000
870	200	870000
871	200	871000
872	200	872000
873	200	873000
874	200	874000
875	200	875000
876	200	876000
877	200	877000
878	200	878000
879	200	879000
880	200	880000
881	200	881000
882	200	882000
883	200	883000
884	200	884000
885	200	885000
886	200	886000
887	200	887000
888	200	888000
889	200	889000
890	200	890000
891	200	891000
892	200	892000
893	200	893000
894	202	894000
895	200	895000
896	200	896000
897	200	897000
898	200	898000
899	200	899000
900	200	900000
901	200	901000
902	200	902000
903	200	903000
904	200	904000
905	200	905000
906	200	906000
907	200	907000
908	200	908000
909	200	909000
910	200	910000
911	200	911000
912	200	912000
913	200	913000
914	200	914000
915	200	915000
916	200	916000
917	200	917000
918	200	918000
919	200	919000
920	200	920000
921	200	921000
922	200	922000
923	200	923000
924	200	924000
925	200	925000
926	200	926000
927	200	927000
928	200	928000
929	200	929000
930	200	930000
931	200	931000
932	200	932000
933	200	933000
934	200	934000
935	200	935000
936	200	936000
937	200	937000
938	200	938000
939	200	939000
940	200	940000
941	200	941000
942	200	942000
943	200	943000
944	200	944000
945	200	945000
946	200	946000
947	200	947000
948	200	948000
949	200	949000
950	200	950000
951	200	951000
952	200	952000
953	200	953000
954	200	954000
955	200	955000
956	200	956000
957	200	957000
958	200	958000
959	200	959000
960	200	960000
961	200	961000
962	200	962000
963	200	963000
964	200	964000
965	200	965000
966	200	966000
967	200	967000
968	200	968000
969	200	969000
970	200	970000
971	200	971000
972	200	972000
973	200	973000
974	200	974000
975	200	975000
976	200	976000
977	200	977000
978	200	978000
979	200	979000
980	200	980000
981	200	981000
982	200	982000
983	200	983000
984	200	984000
985	200	985000
986	200	986000
987	200	987000
988	200	988000
989	200	989000
990	200	990000
991	200	991000
992	200	992000
993	200	993000
994	200	994000
995	200	995000
996	200	996000
997	200	997000
998	200	998000
999	200	999000
1000	200	1000000
1001	200	1001000
1002	200	1002000
1003	200	1003000
1004	200	1004000
1005	200	1005000
1006	200	1006000
1007	200	1007000
1008	200	1008000
1009	200	1009000
1010	200	1010000
1011	200	1011000
1012	200	1012000
1013	200	1013000
1014	200	1014000
1015	200	1015000
1016	200	1016000
1017	200	1017000
1018	200	1018000
1019	200	1019000
1020	200	1020000
1021	200	1021000
1022	200	1022000
1023	200	1023000
1024	200	1024000
